2 0.582031 0.566667 0.062500 0.066667
2 0.769531 0.566667 0.062500 0.066667
2 0.394531 0.633333 0.062500 0.066667
2 0.083984 0.900000 0.066406 0.066667
2 0.146484 0.900000 0.066406 0.066667
2 0.208984 0.900000 0.066406 0.066667
2 0.271484 0.900000 0.066406 0.066667
2 0.333984 0.900000 0.066406 0.066667
2 0.396484 0.900000 0.066406 0.066667
2 0.521484 0.900000 0.066406 0.066667
2 0.583984 0.900000 0.066406 0.066667
2 0.646484 0.900000 0.066406 0.066667
2 0.708984 0.900000 0.066406 0.066667
2 0.771484 0.900000 0.066406 0.066667
2 0.833984 0.900000 0.066406 0.066667
2 0.896484 0.900000 0.066406 0.066667
2 0.958984 0.900000 0.066406 0.066667
2 0.083984 0.966667 0.066406 0.066667
2 0.146484 0.966667 0.066406 0.066667
2 0.208984 0.966667 0.066406 0.066667
2 0.271484 0.966667 0.066406 0.066667
2 0.333984 0.966667 0.066406 0.066667
2 0.396484 0.966667 0.066406 0.066667
2 0.458984 0.966667 0.066406 0.066667
2 0.521484 0.966667 0.066406 0.066667
2 0.583984 0.966667 0.066406 0.066667
2 0.646484 0.966667 0.066406 0.066667
2 0.708984 0.966667 0.066406 0.066667
2 0.771484 0.966667 0.066406 0.066667
2 0.833984 0.966667 0.066406 0.066667
2 0.896484 0.966667 0.066406 0.066667
2 0.958984 0.966667 0.066406 0.066667
4 0.470703 0.839583 0.050781 0.062500
2 0.458984 0.900000 0.066406 0.066667
3 0.902344 0.704167 0.062500 0.100000