2 0.037109 0.900000 0.066406 0.066667
2 0.099609 0.900000 0.066406 0.066667
2 0.162109 0.900000 0.066406 0.066667
2 0.224609 0.900000 0.066406 0.066667
2 0.287109 0.900000 0.066406 0.066667
2 0.349609 0.900000 0.066406 0.066667
2 0.412109 0.900000 0.066406 0.066667
2 0.474609 0.900000 0.066406 0.066667
2 0.037109 0.966667 0.066406 0.066667
2 0.099609 0.966667 0.066406 0.066667
2 0.162109 0.966667 0.066406 0.066667
2 0.224609 0.966667 0.066406 0.066667
2 0.287109 0.966667 0.066406 0.066667
2 0.349609 0.966667 0.066406 0.066667
2 0.412109 0.966667 0.066406 0.066667
2 0.474609 0.966667 0.066406 0.066667
2 0.847656 0.633333 0.062500 0.066667
2 0.910156 0.633333 0.062500 0.066667
2 0.722656 0.700000 0.062500 0.066667
2 0.785156 0.700000 0.062500 0.066667
2 0.847656 0.700000 0.062500 0.066667
2 0.472656 0.766667 0.062500 0.066667
2 0.535156 0.766667 0.062500 0.066667
2 0.597656 0.766667 0.062500 0.066667
2 0.660156 0.766667 0.062500 0.066667
2 0.722656 0.766667 0.062500 0.066667
2 0.285156 0.833333 0.062500 0.066667
2 0.347656 0.833333 0.062500 0.066667
2 0.410156 0.833333 0.062500 0.066667
2 0.472656 0.833333 0.062500 0.066667
2 0.535156 0.833333 0.062500 0.066667
2 0.597656 0.833333 0.062500 0.066667
4 0.484375 0.508333 0.062500 0.066667
2 0.660156 0.700000 0.062500 0.066667
2 0.912109 0.366667 0.066406 0.066667
2 0.966797 0.366667 0.066406 0.066667