1 0.968750 0.837500 0.062500 0.066667
2 0.033203 0.900000 0.066406 0.066667
2 0.095703 0.900000 0.066406 0.066667
2 0.158203 0.900000 0.066406 0.066667
2 0.220703 0.900000 0.066406 0.066667
2 0.283203 0.900000 0.066406 0.066667
2 0.345703 0.900000 0.066406 0.066667
2 0.408203 0.900000 0.066406 0.066667
2 0.533203 0.900000 0.066406 0.066667
2 0.595703 0.900000 0.066406 0.066667
2 0.658203 0.900000 0.066406 0.066667
2 0.720703 0.900000 0.066406 0.066667
2 0.783203 0.900000 0.066406 0.066667
2 0.845703 0.900000 0.066406 0.066667
2 0.908203 0.900000 0.066406 0.066667
2 0.033203 0.966667 0.066406 0.066667
2 0.095703 0.966667 0.066406 0.066667
2 0.158203 0.966667 0.066406 0.066667
2 0.220703 0.966667 0.066406 0.066667
2 0.283203 0.966667 0.066406 0.066667
2 0.345703 0.966667 0.066406 0.066667
2 0.408203 0.966667 0.066406 0.066667
2 0.470703 0.966667 0.066406 0.066667
2 0.533203 0.966667 0.066406 0.066667
2 0.595703 0.966667 0.066406 0.066667
2 0.658203 0.966667 0.066406 0.066667
2 0.720703 0.966667 0.066406 0.066667
2 0.783203 0.966667 0.066406 0.066667
2 0.845703 0.966667 0.066406 0.066667
2 0.908203 0.966667 0.066406 0.066667
4 0.490234 0.839583 0.050781 0.062500
5 0.812500 0.766667 0.125000 0.200000
5 0.187500 0.800000 0.125000 0.133333
2 0.470703 0.900000 0.066406 0.066667