2 0.033203 0.631250 0.058594 0.062500
2 0.037109 0.900000 0.066406 0.066667
2 0.099609 0.900000 0.066406 0.066667
2 0.349609 0.900000 0.066406 0.066667
2 0.412109 0.900000 0.066406 0.066667
2 0.474609 0.900000 0.066406 0.066667
2 0.537109 0.900000 0.066406 0.066667
2 0.599609 0.900000 0.066406 0.066667
2 0.662109 0.900000 0.066406 0.066667
2 0.724609 0.900000 0.066406 0.066667
2 0.787109 0.900000 0.066406 0.066667
2 0.037109 0.966667 0.066406 0.066667
2 0.099609 0.966667 0.066406 0.066667
2 0.349609 0.966667 0.066406 0.066667
2 0.412109 0.966667 0.066406 0.066667
2 0.474609 0.966667 0.066406 0.066667
2 0.537109 0.966667 0.066406 0.066667
2 0.599609 0.966667 0.066406 0.066667
2 0.662109 0.966667 0.066406 0.066667
2 0.724609 0.966667 0.066406 0.066667
2 0.787109 0.966667 0.066406 0.066667
2 0.785156 0.766667 0.062500 0.066667
2 0.847656 0.766667 0.062500 0.066667
2 0.910156 0.766667 0.062500 0.066667
2 0.597656 0.833333 0.062500 0.066667
2 0.660156 0.833333 0.062500 0.066667
2 0.722656 0.833333 0.062500 0.066667
2 0.785156 0.833333 0.062500 0.066667
2 0.847656 0.833333 0.062500 0.066667
2 0.910156 0.833333 0.062500 0.066667
4 0.468750 0.554167 0.062500 0.066667