2 0.955078 0.364583 0.058594 0.062500
2 0.955078 0.631250 0.058594 0.062500
2 0.083984 0.900000 0.066406 0.066667
2 0.146484 0.900000 0.066406 0.066667
2 0.208984 0.900000 0.066406 0.066667
2 0.271484 0.900000 0.066406 0.066667
2 0.333984 0.900000 0.066406 0.066667
2 0.396484 0.900000 0.066406 0.066667
2 0.521484 0.900000 0.066406 0.066667
2 0.583984 0.900000 0.066406 0.066667
2 0.646484 0.900000 0.066406 0.066667
2 0.708984 0.900000 0.066406 0.066667
2 0.771484 0.900000 0.066406 0.066667
2 0.833984 0.900000 0.066406 0.066667
2 0.896484 0.900000 0.066406 0.066667
2 0.958984 0.900000 0.066406 0.066667
2 0.083984 0.966667 0.066406 0.066667
2 0.146484 0.966667 0.066406 0.066667
2 0.208984 0.966667 0.066406 0.066667
2 0.271484 0.966667 0.066406 0.066667
2 0.333984 0.966667 0.066406 0.066667
2 0.396484 0.966667 0.066406 0.066667
2 0.458984 0.966667 0.066406 0.066667
2 0.521484 0.966667 0.066406 0.066667
2 0.583984 0.966667 0.066406 0.066667
2 0.646484 0.966667 0.066406 0.066667
2 0.708984 0.966667 0.066406 0.066667
2 0.771484 0.966667 0.066406 0.066667
2 0.833984 0.966667 0.066406 0.066667
2 0.896484 0.966667 0.066406 0.066667
2 0.958984 0.966667 0.066406 0.066667
4 0.470703 0.839583 0.050781 0.062500
5 0.738281 0.766667 0.125000 0.200000
2 0.458984 0.900000 0.066406 0.066667