2 0.105469 0.633333 0.070312 0.066667
2 0.105469 0.366667 0.062500 0.066667
2 0.042969 0.633333 0.062500 0.066667
2 0.167969 0.633333 0.062500 0.066667
2 0.044922 0.900000 0.066406 0.066667
2 0.107422 0.900000 0.066406 0.066667
2 0.169922 0.900000 0.066406 0.066667
2 0.232422 0.900000 0.066406 0.066667
2 0.294922 0.900000 0.066406 0.066667
2 0.357422 0.900000 0.066406 0.066667
2 0.419922 0.900000 0.066406 0.066667
2 0.482422 0.900000 0.066406 0.066667
2 0.544922 0.900000 0.066406 0.066667
2 0.607422 0.900000 0.066406 0.066667
2 0.669922 0.900000 0.066406 0.066667
2 0.732422 0.900000 0.066406 0.066667
2 0.794922 0.900000 0.066406 0.066667
2 0.857422 0.900000 0.066406 0.066667
2 0.919922 0.900000 0.066406 0.066667
2 0.044922 0.966667 0.066406 0.066667
2 0.107422 0.966667 0.066406 0.066667
2 0.169922 0.966667 0.066406 0.066667
2 0.232422 0.966667 0.066406 0.066667
2 0.294922 0.966667 0.066406 0.066667
2 0.357422 0.966667 0.066406 0.066667
2 0.419922 0.966667 0.066406 0.066667
2 0.482422 0.966667 0.066406 0.066667
2 0.544922 0.966667 0.066406 0.066667
2 0.607422 0.966667 0.066406 0.066667
2 0.669922 0.966667 0.066406 0.066667
2 0.732422 0.966667 0.066406 0.066667
2 0.794922 0.966667 0.066406 0.066667
2 0.857422 0.966667 0.066406 0.066667
2 0.919922 0.966667 0.066406 0.066667
4 0.484375 0.575000 0.062500 0.066667
5 0.511719 0.800000 0.125000 0.133333
2 0.224609 0.633333 0.066406 0.066667