2 0.482422 0.364583 0.058594 0.062500
2 0.482422 0.631250 0.058594 0.062500
2 0.048828 0.900000 0.066406 0.066667
2 0.111328 0.900000 0.066406 0.066667
2 0.173828 0.900000 0.066406 0.066667
2 0.236328 0.900000 0.066406 0.066667
2 0.298828 0.900000 0.066406 0.066667
2 0.361328 0.900000 0.066406 0.066667
2 0.423828 0.900000 0.066406 0.066667
2 0.486328 0.900000 0.066406 0.066667
2 0.548828 0.900000 0.066406 0.066667
2 0.611328 0.900000 0.066406 0.066667
2 0.673828 0.900000 0.066406 0.066667
2 0.736328 0.900000 0.066406 0.066667
2 0.798828 0.900000 0.066406 0.066667
2 0.048828 0.966667 0.066406 0.066667
2 0.111328 0.966667 0.066406 0.066667
2 0.173828 0.966667 0.066406 0.066667
2 0.236328 0.966667 0.066406 0.066667
2 0.298828 0.966667 0.066406 0.066667
2 0.361328 0.966667 0.066406 0.066667
2 0.423828 0.966667 0.066406 0.066667
2 0.486328 0.966667 0.066406 0.066667
2 0.548828 0.966667 0.066406 0.066667
2 0.611328 0.966667 0.066406 0.066667
2 0.673828 0.966667 0.066406 0.066667
2 0.736328 0.966667 0.066406 0.066667
2 0.798828 0.966667 0.066406 0.066667
4 0.490234 0.797917 0.050781 0.062500
5 0.265625 0.766667 0.125000 0.200000
2 0.861328 0.900000 0.066406 0.066667
2 0.861328 0.966667 0.066406 0.066667