2 0.136719 0.566667 0.062500 0.066667
2 0.076172 0.900000 0.066406 0.066667
2 0.138672 0.900000 0.066406 0.066667
2 0.201172 0.900000 0.066406 0.066667
2 0.263672 0.900000 0.066406 0.066667
2 0.326172 0.900000 0.066406 0.066667
2 0.388672 0.900000 0.066406 0.066667
2 0.513672 0.900000 0.066406 0.066667
2 0.576172 0.900000 0.066406 0.066667
2 0.638672 0.900000 0.066406 0.066667
2 0.701172 0.900000 0.066406 0.066667
2 0.763672 0.900000 0.066406 0.066667
2 0.826172 0.900000 0.066406 0.066667
2 0.888672 0.900000 0.066406 0.066667
2 0.951172 0.900000 0.066406 0.066667
2 0.076172 0.966667 0.066406 0.066667
2 0.138672 0.966667 0.066406 0.066667
2 0.201172 0.966667 0.066406 0.066667
2 0.263672 0.966667 0.066406 0.066667
2 0.326172 0.966667 0.066406 0.066667
2 0.388672 0.966667 0.066406 0.066667
2 0.451172 0.966667 0.066406 0.066667
2 0.513672 0.966667 0.066406 0.066667
2 0.576172 0.966667 0.066406 0.066667
2 0.638672 0.966667 0.066406 0.066667
2 0.701172 0.966667 0.066406 0.066667
2 0.763672 0.966667 0.066406 0.066667
2 0.826172 0.966667 0.066406 0.066667
2 0.888672 0.966667 0.066406 0.066667
2 0.951172 0.966667 0.066406 0.066667
3 0.140625 0.689583 0.062500 0.095833
3 0.367188 0.731250 0.062500 0.095833
4 0.470703 0.839583 0.050781 0.062500
2 0.451172 0.900000 0.066406 0.066667
2 0.388672 0.633333 0.066406 0.066667
2 0.451172 0.633333 0.066406 0.066667
2 0.505859 0.633333 0.066406 0.066667