2 0.060547 0.900000 0.066406 0.066667
2 0.123047 0.900000 0.066406 0.066667
2 0.185547 0.900000 0.066406 0.066667
2 0.248047 0.900000 0.066406 0.066667
2 0.310547 0.900000 0.066406 0.066667
2 0.373047 0.900000 0.066406 0.066667
2 0.435547 0.900000 0.066406 0.066667
2 0.935547 0.900000 0.066406 0.066667
2 0.060547 0.966667 0.066406 0.066667
2 0.123047 0.966667 0.066406 0.066667
2 0.185547 0.966667 0.066406 0.066667
2 0.248047 0.966667 0.066406 0.066667
2 0.310547 0.966667 0.066406 0.066667
2 0.373047 0.966667 0.066406 0.066667
2 0.435547 0.966667 0.066406 0.066667
2 0.935547 0.966667 0.066406 0.066667
2 0.808594 0.633333 0.062500 0.066667
2 0.871094 0.633333 0.062500 0.066667
2 0.933594 0.633333 0.062500 0.066667
2 0.683594 0.700000 0.062500 0.066667
2 0.746094 0.700000 0.062500 0.066667
2 0.808594 0.700000 0.062500 0.066667
2 0.433594 0.766667 0.062500 0.066667
2 0.496094 0.766667 0.062500 0.066667
2 0.558594 0.766667 0.062500 0.066667
2 0.621094 0.766667 0.062500 0.066667
2 0.683594 0.766667 0.062500 0.066667
2 0.246094 0.833333 0.062500 0.066667
2 0.308594 0.833333 0.062500 0.066667
2 0.371094 0.833333 0.062500 0.066667
2 0.433594 0.833333 0.062500 0.066667
2 0.496094 0.833333 0.062500 0.066667
2 0.558594 0.833333 0.062500 0.066667
4 0.484375 0.508333 0.062500 0.066667
2 0.621094 0.700000 0.062500 0.066667
2 0.873047 0.366667 0.066406 0.066667
2 0.927734 0.366667 0.066406 0.066667