2 0.683594 0.366667 0.062500 0.066667
2 0.683594 0.633333 0.062500 0.066667
2 0.060547 0.900000 0.066406 0.066667
2 0.123047 0.900000 0.066406 0.066667
2 0.185547 0.900000 0.066406 0.066667
2 0.248047 0.900000 0.066406 0.066667
2 0.310547 0.900000 0.066406 0.066667
2 0.373047 0.900000 0.066406 0.066667
2 0.435547 0.900000 0.066406 0.066667
2 0.498047 0.900000 0.066406 0.066667
2 0.560547 0.900000 0.066406 0.066667
2 0.623047 0.900000 0.066406 0.066667
2 0.685547 0.900000 0.066406 0.066667
2 0.748047 0.900000 0.066406 0.066667
2 0.810547 0.900000 0.066406 0.066667
2 0.873047 0.900000 0.066406 0.066667
2 0.935547 0.900000 0.066406 0.066667
2 0.060547 0.966667 0.066406 0.066667
2 0.123047 0.966667 0.066406 0.066667
2 0.185547 0.966667 0.066406 0.066667
2 0.248047 0.966667 0.066406 0.066667
2 0.310547 0.966667 0.066406 0.066667
2 0.373047 0.966667 0.066406 0.066667
2 0.435547 0.966667 0.066406 0.066667
2 0.498047 0.966667 0.066406 0.066667
2 0.560547 0.966667 0.066406 0.066667
2 0.623047 0.966667 0.066406 0.066667
2 0.685547 0.966667 0.066406 0.066667
2 0.748047 0.966667 0.066406 0.066667
2 0.810547 0.966667 0.066406 0.066667
2 0.873047 0.966667 0.066406 0.066667
2 0.935547 0.966667 0.066406 0.066667
4 0.503906 0.516667 0.062500 0.066667
5 0.464844 0.766667 0.125000 0.200000