2 0.478516 0.631250 0.058594 0.062500
2 0.541016 0.631250 0.058594 0.062500
2 0.044922 0.900000 0.066406 0.066667
2 0.107422 0.900000 0.066406 0.066667
2 0.169922 0.900000 0.066406 0.066667
2 0.232422 0.900000 0.066406 0.066667
2 0.294922 0.900000 0.066406 0.066667
2 0.357422 0.900000 0.066406 0.066667
2 0.419922 0.900000 0.066406 0.066667
2 0.544922 0.900000 0.066406 0.066667
2 0.607422 0.900000 0.066406 0.066667
2 0.857422 0.900000 0.066406 0.066667
2 0.919922 0.900000 0.066406 0.066667
2 0.044922 0.966667 0.066406 0.066667
2 0.107422 0.966667 0.066406 0.066667
2 0.169922 0.966667 0.066406 0.066667
2 0.232422 0.966667 0.066406 0.066667
2 0.294922 0.966667 0.066406 0.066667
2 0.357422 0.966667 0.066406 0.066667
2 0.419922 0.966667 0.066406 0.066667
2 0.482422 0.966667 0.066406 0.066667
2 0.544922 0.966667 0.066406 0.066667
2 0.607422 0.966667 0.066406 0.066667
2 0.857422 0.966667 0.066406 0.066667
2 0.919922 0.966667 0.066406 0.066667
4 0.470703 0.839583 0.050781 0.062500
2 0.482422 0.900000 0.066406 0.066667