1 0.472656 0.704167 0.062500 0.066667
2 0.060547 0.900000 0.066406 0.066667
2 0.123047 0.900000 0.066406 0.066667
2 0.185547 0.900000 0.066406 0.066667
2 0.248047 0.900000 0.066406 0.066667
2 0.310547 0.900000 0.066406 0.066667
2 0.373047 0.900000 0.066406 0.066667
2 0.435547 0.900000 0.066406 0.066667
2 0.498047 0.900000 0.066406 0.066667
2 0.560547 0.900000 0.066406 0.066667
2 0.623047 0.900000 0.066406 0.066667
2 0.685547 0.900000 0.066406 0.066667
2 0.748047 0.900000 0.066406 0.066667
2 0.810547 0.900000 0.066406 0.066667
2 0.873047 0.900000 0.066406 0.066667
2 0.935547 0.900000 0.066406 0.066667
2 0.060547 0.966667 0.066406 0.066667
2 0.123047 0.966667 0.066406 0.066667
2 0.185547 0.966667 0.066406 0.066667
2 0.248047 0.966667 0.066406 0.066667
2 0.310547 0.966667 0.066406 0.066667
2 0.373047 0.966667 0.066406 0.066667
2 0.435547 0.966667 0.066406 0.066667
2 0.498047 0.966667 0.066406 0.066667
2 0.560547 0.966667 0.066406 0.066667
2 0.623047 0.966667 0.066406 0.066667
2 0.685547 0.966667 0.066406 0.066667
2 0.748047 0.966667 0.066406 0.066667
2 0.810547 0.966667 0.066406 0.066667
2 0.873047 0.966667 0.066406 0.066667
2 0.935547 0.966667 0.066406 0.066667
2 0.683594 0.566667 0.062500 0.066667
2 0.621094 0.633333 0.062500 0.066667
2 0.683594 0.633333 0.062500 0.066667
2 0.558594 0.700000 0.062500 0.066667
2 0.621094 0.700000 0.062500 0.066667
2 0.683594 0.700000 0.062500 0.066667
2 0.558594 0.766667 0.062500 0.066667
2 0.621094 0.766667 0.062500 0.066667
2 0.683594 0.766667 0.062500 0.066667
2 0.433594 0.833333 0.062500 0.066667
2 0.496094 0.833333 0.062500 0.066667
2 0.558594 0.833333 0.062500 0.066667
2 0.621094 0.833333 0.062500 0.066667
2 0.683594 0.833333 0.062500 0.066667
4 0.484375 0.575000 0.062500 0.066667
2 0.496094 0.766667 0.062500 0.066667
2 0.240234 0.633333 0.066406 0.066667