2 0.068359 0.900000 0.066406 0.066667
2 0.130859 0.900000 0.066406 0.066667
2 0.193359 0.900000 0.066406 0.066667
2 0.255859 0.900000 0.066406 0.066667
2 0.318359 0.900000 0.066406 0.066667
2 0.380859 0.900000 0.066406 0.066667
2 0.443359 0.900000 0.066406 0.066667
2 0.505859 0.900000 0.066406 0.066667
2 0.068359 0.966667 0.066406 0.066667
2 0.130859 0.966667 0.066406 0.066667
2 0.193359 0.966667 0.066406 0.066667
2 0.255859 0.966667 0.066406 0.066667
2 0.318359 0.966667 0.066406 0.066667
2 0.380859 0.966667 0.066406 0.066667
2 0.443359 0.966667 0.066406 0.066667
2 0.505859 0.966667 0.066406 0.066667
2 0.878906 0.633333 0.062500 0.066667
2 0.941406 0.633333 0.062500 0.066667
2 0.753906 0.700000 0.062500 0.066667
2 0.816406 0.700000 0.062500 0.066667
2 0.878906 0.700000 0.062500 0.066667
2 0.503906 0.766667 0.062500 0.066667
2 0.566406 0.766667 0.062500 0.066667
2 0.628906 0.766667 0.062500 0.066667
2 0.691406 0.766667 0.062500 0.066667
2 0.753906 0.766667 0.062500 0.066667
2 0.316406 0.833333 0.062500 0.066667
2 0.378906 0.833333 0.062500 0.066667
2 0.441406 0.833333 0.062500 0.066667
2 0.503906 0.833333 0.062500 0.066667
2 0.566406 0.833333 0.062500 0.066667
2 0.628906 0.833333 0.062500 0.066667
4 0.484375 0.541667 0.062500 0.066667
2 0.691406 0.700000 0.062500 0.066667
2 0.943359 0.366667 0.066406 0.066667