2 0.441406 0.633333 0.062500 0.066667
2 0.503906 0.633333 0.062500 0.066667
2 0.068359 0.900000 0.066406 0.066667
2 0.130859 0.900000 0.066406 0.066667
2 0.193359 0.900000 0.066406 0.066667
2 0.255859 0.900000 0.066406 0.066667
2 0.318359 0.900000 0.066406 0.066667
2 0.380859 0.900000 0.066406 0.066667
2 0.568359 0.900000 0.066406 0.066667
2 0.818359 0.900000 0.066406 0.066667
2 0.880859 0.900000 0.066406 0.066667
2 0.943359 0.900000 0.066406 0.066667
2 0.068359 0.966667 0.066406 0.066667
2 0.130859 0.966667 0.066406 0.066667
2 0.193359 0.966667 0.066406 0.066667
2 0.255859 0.966667 0.066406 0.066667
2 0.318359 0.966667 0.066406 0.066667
2 0.380859 0.966667 0.066406 0.066667
2 0.443359 0.966667 0.066406 0.066667
2 0.505859 0.966667 0.066406 0.066667
2 0.568359 0.966667 0.066406 0.066667
2 0.818359 0.966667 0.066406 0.066667
2 0.880859 0.966667 0.066406 0.066667
2 0.943359 0.966667 0.066406 0.066667
4 0.470703 0.839583 0.050781 0.062500
2 0.505859 0.900000 0.066406 0.066667
2 0.443359 0.900000 0.066406 0.066667