2 0.083984 0.900000 0.066406 0.066667
2 0.146484 0.900000 0.066406 0.066667
2 0.208984 0.900000 0.066406 0.066667
2 0.271484 0.900000 0.066406 0.066667
2 0.646484 0.900000 0.066406 0.066667
2 0.708984 0.900000 0.066406 0.066667
2 0.771484 0.900000 0.066406 0.066667
2 0.833984 0.900000 0.066406 0.066667
2 0.896484 0.900000 0.066406 0.066667
2 0.958984 0.900000 0.066406 0.066667
2 0.083984 0.966667 0.066406 0.066667
2 0.146484 0.966667 0.066406 0.066667
2 0.208984 0.966667 0.066406 0.066667
2 0.271484 0.966667 0.066406 0.066667
2 0.646484 0.966667 0.066406 0.066667
2 0.708984 0.966667 0.066406 0.066667
2 0.771484 0.966667 0.066406 0.066667
2 0.833984 0.966667 0.066406 0.066667
2 0.896484 0.966667 0.066406 0.066667
2 0.958984 0.966667 0.066406 0.066667
4 0.490234 0.952083 0.050781 0.062500
2 0.333984 0.900000 0.066406 0.066667
2 0.333984 0.966667 0.066406 0.066667