1 0.042969 0.837500 0.062500 0.066667
2 0.091797 0.900000 0.066406 0.066667
2 0.154297 0.900000 0.066406 0.066667
2 0.216797 0.900000 0.066406 0.066667
2 0.279297 0.900000 0.066406 0.066667
2 0.341797 0.900000 0.066406 0.066667
2 0.404297 0.900000 0.066406 0.066667
2 0.466797 0.900000 0.066406 0.066667
2 0.529297 0.900000 0.066406 0.066667
2 0.591797 0.900000 0.066406 0.066667
2 0.654297 0.900000 0.066406 0.066667
2 0.716797 0.900000 0.066406 0.066667
2 0.779297 0.900000 0.066406 0.066667
2 0.841797 0.900000 0.066406 0.066667
2 0.904297 0.900000 0.066406 0.066667
2 0.091797 0.966667 0.066406 0.066667
2 0.154297 0.966667 0.066406 0.066667
2 0.216797 0.966667 0.066406 0.066667
2 0.279297 0.966667 0.066406 0.066667
2 0.341797 0.966667 0.066406 0.066667
2 0.404297 0.966667 0.066406 0.066667
2 0.466797 0.966667 0.066406 0.066667
2 0.529297 0.966667 0.066406 0.066667
2 0.591797 0.966667 0.066406 0.066667
2 0.654297 0.966667 0.066406 0.066667
2 0.716797 0.966667 0.066406 0.066667
2 0.779297 0.966667 0.066406 0.066667
2 0.841797 0.966667 0.066406 0.066667
2 0.904297 0.966667 0.066406 0.066667
4 0.509766 0.687500 0.058594 0.066667
5 0.308594 0.700000 0.125000 0.200000
2 0.966797 0.900000 0.066406 0.066667
2 0.966797 0.966667 0.066406 0.066667