2 0.185547 0.564583 0.058594 0.062500
2 0.373047 0.564583 0.058594 0.062500
2 0.064453 0.900000 0.066406 0.066667
2 0.126953 0.900000 0.066406 0.066667
2 0.189453 0.900000 0.066406 0.066667
2 0.251953 0.900000 0.066406 0.066667
2 0.314453 0.900000 0.066406 0.066667
2 0.376953 0.900000 0.066406 0.066667
2 0.564453 0.900000 0.066406 0.066667
2 0.626953 0.900000 0.066406 0.066667
2 0.689453 0.900000 0.066406 0.066667
2 0.751953 0.900000 0.066406 0.066667
2 0.814453 0.900000 0.066406 0.066667
2 0.876953 0.900000 0.066406 0.066667
2 0.939453 0.900000 0.066406 0.066667
2 0.064453 0.966667 0.066406 0.066667
2 0.126953 0.966667 0.066406 0.066667
2 0.189453 0.966667 0.066406 0.066667
2 0.251953 0.966667 0.066406 0.066667
2 0.314453 0.966667 0.066406 0.066667
2 0.376953 0.966667 0.066406 0.066667
2 0.439453 0.966667 0.066406 0.066667
2 0.501953 0.966667 0.066406 0.066667
2 0.564453 0.966667 0.066406 0.066667
2 0.626953 0.966667 0.066406 0.066667
2 0.689453 0.966667 0.066406 0.066667
2 0.751953 0.966667 0.066406 0.066667
2 0.814453 0.966667 0.066406 0.066667
2 0.876953 0.966667 0.066406 0.066667
2 0.939453 0.966667 0.066406 0.066667
4 0.470703 0.839583 0.050781 0.062500
2 0.439453 0.900000 0.066406 0.066667
2 0.501953 0.900000 0.066406 0.066667
2 0.720703 0.633333 0.066406 0.066667