2 0.041016 0.631250 0.058594 0.062500
2 0.103516 0.631250 0.058594 0.062500
2 0.044922 0.900000 0.066406 0.066667
2 0.107422 0.900000 0.066406 0.066667
2 0.169922 0.900000 0.066406 0.066667
2 0.419922 0.900000 0.066406 0.066667
2 0.482422 0.900000 0.066406 0.066667
2 0.544922 0.900000 0.066406 0.066667
2 0.607422 0.900000 0.066406 0.066667
2 0.669922 0.900000 0.066406 0.066667
2 0.732422 0.900000 0.066406 0.066667
2 0.794922 0.900000 0.066406 0.066667
2 0.857422 0.900000 0.066406 0.066667
2 0.044922 0.966667 0.066406 0.066667
2 0.107422 0.966667 0.066406 0.066667
2 0.169922 0.966667 0.066406 0.066667
2 0.419922 0.966667 0.066406 0.066667
2 0.482422 0.966667 0.066406 0.066667
2 0.544922 0.966667 0.066406 0.066667
2 0.607422 0.966667 0.066406 0.066667
2 0.669922 0.966667 0.066406 0.066667
2 0.732422 0.966667 0.066406 0.066667
2 0.794922 0.966667 0.066406 0.066667
2 0.857422 0.966667 0.066406 0.066667
2 0.855469 0.766667 0.062500 0.066667
2 0.917969 0.766667 0.062500 0.066667
2 0.667969 0.833333 0.062500 0.066667
2 0.730469 0.833333 0.062500 0.066667
2 0.792969 0.833333 0.062500 0.066667
2 0.855469 0.833333 0.062500 0.066667
2 0.917969 0.833333 0.062500 0.066667
4 0.468750 0.479167 0.062500 0.066667