1 0.914062 0.570833 0.062500 0.066667
2 0.091797 0.900000 0.066406 0.066667
2 0.154297 0.900000 0.066406 0.066667
2 0.216797 0.900000 0.066406 0.066667
2 0.279297 0.900000 0.066406 0.066667
2 0.341797 0.900000 0.066406 0.066667
2 0.404297 0.900000 0.066406 0.066667
2 0.529297 0.900000 0.066406 0.066667
2 0.591797 0.900000 0.066406 0.066667
2 0.654297 0.900000 0.066406 0.066667
2 0.716797 0.900000 0.066406 0.066667
2 0.779297 0.900000 0.066406 0.066667
2 0.841797 0.900000 0.066406 0.066667
2 0.904297 0.900000 0.066406 0.066667
2 0.966797 0.900000 0.066406 0.066667
2 0.091797 0.966667 0.066406 0.066667
2 0.154297 0.966667 0.066406 0.066667
2 0.216797 0.966667 0.066406 0.066667
2 0.279297 0.966667 0.066406 0.066667
2 0.341797 0.966667 0.066406 0.066667
2 0.404297 0.966667 0.066406 0.066667
2 0.466797 0.966667 0.066406 0.066667
2 0.529297 0.966667 0.066406 0.066667
2 0.591797 0.966667 0.066406 0.066667
2 0.654297 0.966667 0.066406 0.066667
2 0.716797 0.966667 0.066406 0.066667
2 0.779297 0.966667 0.066406 0.066667
2 0.841797 0.966667 0.066406 0.066667
2 0.904297 0.966667 0.066406 0.066667
2 0.966797 0.966667 0.066406 0.066667
2 0.964844 0.633333 0.062500 0.066667
2 0.839844 0.700000 0.062500 0.066667
2 0.902344 0.700000 0.062500 0.066667
2 0.964844 0.700000 0.062500 0.066667
2 0.777344 0.766667 0.062500 0.066667
2 0.839844 0.766667 0.062500 0.066667
2 0.902344 0.766667 0.062500 0.066667
2 0.964844 0.766667 0.062500 0.066667
2 0.714844 0.833333 0.062500 0.066667
2 0.777344 0.833333 0.062500 0.066667
2 0.839844 0.833333 0.062500 0.066667
2 0.902344 0.833333 0.062500 0.066667
2 0.964844 0.833333 0.062500 0.066667
4 0.470703 0.839583 0.050781 0.062500
2 0.466797 0.900000 0.066406 0.066667
2 0.404297 0.633333 0.066406 0.066667
2 0.466797 0.633333 0.066406 0.066667
2 0.521484 0.633333 0.066406 0.066667
2 0.964844 0.566667 0.062500 0.066667