2 0.033203 0.900000 0.066406 0.066667
2 0.095703 0.900000 0.066406 0.066667
2 0.158203 0.900000 0.066406 0.066667
2 0.220703 0.900000 0.066406 0.066667
2 0.283203 0.900000 0.066406 0.066667
2 0.345703 0.900000 0.066406 0.066667
2 0.408203 0.900000 0.066406 0.066667
2 0.470703 0.900000 0.066406 0.066667
2 0.533203 0.900000 0.066406 0.066667
2 0.595703 0.900000 0.066406 0.066667
2 0.658203 0.900000 0.066406 0.066667
2 0.720703 0.900000 0.066406 0.066667
2 0.783203 0.900000 0.066406 0.066667
2 0.845703 0.900000 0.066406 0.066667
2 0.908203 0.900000 0.066406 0.066667
2 0.033203 0.966667 0.066406 0.066667
2 0.095703 0.966667 0.066406 0.066667
2 0.158203 0.966667 0.066406 0.066667
2 0.220703 0.966667 0.066406 0.066667
2 0.283203 0.966667 0.066406 0.066667
2 0.345703 0.966667 0.066406 0.066667
2 0.408203 0.966667 0.066406 0.066667
2 0.470703 0.966667 0.066406 0.066667
2 0.533203 0.966667 0.066406 0.066667
2 0.595703 0.966667 0.066406 0.066667
2 0.658203 0.966667 0.066406 0.066667
2 0.720703 0.966667 0.066406 0.066667
2 0.783203 0.966667 0.066406 0.066667
2 0.845703 0.966667 0.066406 0.066667
2 0.908203 0.966667 0.066406 0.066667
2 0.968750 0.833333 0.062500 0.066667
4 0.468750 0.491667 0.062500 0.066667
2 0.658203 0.633333 0.066406 0.066667
2 0.720703 0.633333 0.066406 0.066667
2 0.775391 0.633333 0.066406 0.066667