1 0.230469 0.837500 0.062500 0.066667
2 0.398438 0.633333 0.070312 0.066667
2 0.396484 0.364583 0.058594 0.062500
2 0.333984 0.631250 0.058594 0.062500
2 0.458984 0.631250 0.058594 0.062500
2 0.275391 0.633333 0.066406 0.066667
2 0.087891 0.900000 0.066406 0.066667
2 0.150391 0.900000 0.066406 0.066667
2 0.337891 0.900000 0.066406 0.066667
2 0.400391 0.900000 0.066406 0.066667
2 0.525391 0.900000 0.066406 0.066667
2 0.587891 0.900000 0.066406 0.066667
2 0.650391 0.900000 0.066406 0.066667
2 0.712891 0.900000 0.066406 0.066667
2 0.775391 0.900000 0.066406 0.066667
2 0.837891 0.900000 0.066406 0.066667
2 0.900391 0.900000 0.066406 0.066667
2 0.962891 0.900000 0.066406 0.066667
2 0.087891 0.966667 0.066406 0.066667
2 0.150391 0.966667 0.066406 0.066667
2 0.212891 0.966667 0.066406 0.066667
2 0.275391 0.966667 0.066406 0.066667
2 0.337891 0.966667 0.066406 0.066667
2 0.400391 0.966667 0.066406 0.066667
2 0.462891 0.966667 0.066406 0.066667
2 0.525391 0.966667 0.066406 0.066667
2 0.587891 0.966667 0.066406 0.066667
2 0.650391 0.966667 0.066406 0.066667
2 0.712891 0.966667 0.066406 0.066667
2 0.775391 0.966667 0.066406 0.066667
2 0.837891 0.966667 0.066406 0.066667
2 0.900391 0.966667 0.066406 0.066667
2 0.962891 0.966667 0.066406 0.066667
4 0.466797 0.837500 0.058594 0.066667
5 0.804688 0.800000 0.125000 0.133333
2 0.462891 0.900000 0.066406 0.066667
2 0.275391 0.900000 0.066406 0.066667
2 0.212891 0.900000 0.066406 0.066667
2 0.517578 0.633333 0.066406 0.066667