2 0.048828 0.900000 0.066406 0.066667
2 0.111328 0.900000 0.066406 0.066667
2 0.173828 0.900000 0.066406 0.066667
2 0.236328 0.900000 0.066406 0.066667
2 0.298828 0.900000 0.066406 0.066667
2 0.361328 0.900000 0.066406 0.066667
2 0.423828 0.900000 0.066406 0.066667
2 0.486328 0.900000 0.066406 0.066667
2 0.548828 0.900000 0.066406 0.066667
2 0.611328 0.900000 0.066406 0.066667
2 0.673828 0.900000 0.066406 0.066667
2 0.736328 0.900000 0.066406 0.066667
2 0.798828 0.900000 0.066406 0.066667
2 0.861328 0.900000 0.066406 0.066667
2 0.923828 0.900000 0.066406 0.066667
2 0.048828 0.966667 0.066406 0.066667
2 0.111328 0.966667 0.066406 0.066667
2 0.173828 0.966667 0.066406 0.066667
2 0.236328 0.966667 0.066406 0.066667
2 0.298828 0.966667 0.066406 0.066667
2 0.361328 0.966667 0.066406 0.066667
2 0.423828 0.966667 0.066406 0.066667
2 0.486328 0.966667 0.066406 0.066667
2 0.548828 0.966667 0.066406 0.066667
2 0.611328 0.966667 0.066406 0.066667
2 0.673828 0.966667 0.066406 0.066667
2 0.736328 0.966667 0.066406 0.066667
2 0.798828 0.966667 0.066406 0.066667
2 0.861328 0.966667 0.066406 0.066667
2 0.923828 0.966667 0.066406 0.066667
2 0.734375 0.566667 0.062500 0.066667
2 0.671875 0.633333 0.062500 0.066667
2 0.734375 0.633333 0.062500 0.066667
2 0.671875 0.700000 0.062500 0.066667
2 0.734375 0.700000 0.062500 0.066667
2 0.546875 0.766667 0.062500 0.066667
2 0.609375 0.766667 0.062500 0.066667
2 0.671875 0.766667 0.062500 0.066667
2 0.734375 0.766667 0.062500 0.066667
2 0.484375 0.833333 0.062500 0.066667
2 0.546875 0.833333 0.062500 0.066667
2 0.609375 0.833333 0.062500 0.066667
2 0.671875 0.833333 0.062500 0.066667
2 0.734375 0.833333 0.062500 0.066667
4 0.484375 0.583333 0.062500 0.066667
1 0.550781 0.670833 0.062500 0.066667
2 0.609375 0.700000 0.062500 0.066667
2 0.173828 0.633333 0.066406 0.066667
2 0.236328 0.633333 0.066406 0.066667
2 0.291016 0.633333 0.066406 0.066667