2 0.722656 0.366667 0.062500 0.066667
2 0.722656 0.633333 0.062500 0.066667
2 0.037109 0.900000 0.066406 0.066667
2 0.099609 0.900000 0.066406 0.066667
2 0.162109 0.900000 0.066406 0.066667
2 0.224609 0.900000 0.066406 0.066667
2 0.287109 0.900000 0.066406 0.066667
2 0.349609 0.900000 0.066406 0.066667
2 0.412109 0.900000 0.066406 0.066667
2 0.474609 0.900000 0.066406 0.066667
2 0.537109 0.900000 0.066406 0.066667
2 0.599609 0.900000 0.066406 0.066667
2 0.662109 0.900000 0.066406 0.066667
2 0.724609 0.900000 0.066406 0.066667
2 0.787109 0.900000 0.066406 0.066667
2 0.849609 0.900000 0.066406 0.066667
2 0.912109 0.900000 0.066406 0.066667
2 0.037109 0.966667 0.066406 0.066667
2 0.099609 0.966667 0.066406 0.066667
2 0.162109 0.966667 0.066406 0.066667
2 0.224609 0.966667 0.066406 0.066667
2 0.287109 0.966667 0.066406 0.066667
2 0.349609 0.966667 0.066406 0.066667
2 0.412109 0.966667 0.066406 0.066667
2 0.474609 0.966667 0.066406 0.066667
2 0.537109 0.966667 0.066406 0.066667
2 0.599609 0.966667 0.066406 0.066667
2 0.662109 0.966667 0.066406 0.066667
2 0.724609 0.966667 0.066406 0.066667
2 0.787109 0.966667 0.066406 0.066667
2 0.849609 0.966667 0.066406 0.066667
2 0.912109 0.966667 0.066406 0.066667
4 0.488281 0.600000 0.062500 0.066667
5 0.503906 0.766667 0.125000 0.200000