2 0.300781 0.566667 0.062500 0.066667
2 0.488281 0.566667 0.062500 0.066667
2 0.113281 0.633333 0.062500 0.066667
2 0.052734 0.900000 0.066406 0.066667
2 0.115234 0.900000 0.066406 0.066667
2 0.177734 0.900000 0.066406 0.066667
2 0.240234 0.900000 0.066406 0.066667
2 0.302734 0.900000 0.066406 0.066667
2 0.365234 0.900000 0.066406 0.066667
2 0.427734 0.900000 0.066406 0.066667
2 0.552734 0.900000 0.066406 0.066667
2 0.615234 0.900000 0.066406 0.066667
2 0.677734 0.900000 0.066406 0.066667
2 0.740234 0.900000 0.066406 0.066667
2 0.802734 0.900000 0.066406 0.066667
2 0.865234 0.900000 0.066406 0.066667
2 0.927734 0.900000 0.066406 0.066667
2 0.052734 0.966667 0.066406 0.066667
2 0.115234 0.966667 0.066406 0.066667
2 0.177734 0.966667 0.066406 0.066667
2 0.240234 0.966667 0.066406 0.066667
2 0.302734 0.966667 0.066406 0.066667
2 0.365234 0.966667 0.066406 0.066667
2 0.427734 0.966667 0.066406 0.066667
2 0.490234 0.966667 0.066406 0.066667
2 0.552734 0.966667 0.066406 0.066667
2 0.615234 0.966667 0.066406 0.066667
2 0.677734 0.966667 0.066406 0.066667
2 0.740234 0.966667 0.066406 0.066667
2 0.802734 0.966667 0.066406 0.066667
2 0.865234 0.966667 0.066406 0.066667
2 0.927734 0.966667 0.066406 0.066667
3 0.562500 0.689583 0.062500 0.095833
3 0.789062 0.706250 0.062500 0.095833
4 0.470703 0.839583 0.050781 0.062500
2 0.490234 0.900000 0.066406 0.066667
2 0.857422 0.633333 0.066406 0.066667