2 0.300781 0.366667 0.062500 0.066667
2 0.300781 0.633333 0.062500 0.066667
2 0.052734 0.900000 0.066406 0.066667
2 0.115234 0.900000 0.066406 0.066667
2 0.177734 0.900000 0.066406 0.066667
2 0.240234 0.900000 0.066406 0.066667
2 0.302734 0.900000 0.066406 0.066667
2 0.365234 0.900000 0.066406 0.066667
2 0.427734 0.900000 0.066406 0.066667
2 0.865234 0.900000 0.066406 0.066667
2 0.927734 0.900000 0.066406 0.066667
2 0.052734 0.966667 0.066406 0.066667
2 0.115234 0.966667 0.066406 0.066667
2 0.177734 0.966667 0.066406 0.066667
2 0.240234 0.966667 0.066406 0.066667
2 0.302734 0.966667 0.066406 0.066667
2 0.365234 0.966667 0.066406 0.066667
2 0.427734 0.966667 0.066406 0.066667
2 0.490234 0.966667 0.066406 0.066667
2 0.552734 0.966667 0.066406 0.066667
2 0.615234 0.966667 0.066406 0.066667
2 0.865234 0.966667 0.066406 0.066667
2 0.927734 0.966667 0.066406 0.066667
5 0.082031 0.766667 0.125000 0.200000
2 0.552734 0.900000 0.066406 0.066667
2 0.615234 0.900000 0.066406 0.066667
2 0.490234 0.900000 0.066406 0.066667
2 0.677734 0.900000 0.066406 0.066667
2 0.677734 0.966667 0.066406 0.066667