2 0.578125 0.566667 0.062500 0.066667
2 0.765625 0.566667 0.062500 0.066667
2 0.390625 0.633333 0.062500 0.066667
2 0.080078 0.900000 0.066406 0.066667
2 0.142578 0.900000 0.066406 0.066667
2 0.205078 0.900000 0.066406 0.066667
2 0.267578 0.900000 0.066406 0.066667
2 0.330078 0.900000 0.066406 0.066667
2 0.392578 0.900000 0.066406 0.066667
2 0.455078 0.900000 0.066406 0.066667
2 0.517578 0.900000 0.066406 0.066667
2 0.580078 0.900000 0.066406 0.066667
2 0.642578 0.900000 0.066406 0.066667
2 0.705078 0.900000 0.066406 0.066667
2 0.767578 0.900000 0.066406 0.066667
2 0.830078 0.900000 0.066406 0.066667
2 0.892578 0.900000 0.066406 0.066667
2 0.955078 0.900000 0.066406 0.066667
2 0.080078 0.966667 0.066406 0.066667
2 0.142578 0.966667 0.066406 0.066667
2 0.205078 0.966667 0.066406 0.066667
2 0.267578 0.966667 0.066406 0.066667
2 0.330078 0.966667 0.066406 0.066667
2 0.392578 0.966667 0.066406 0.066667
2 0.455078 0.966667 0.066406 0.066667
2 0.517578 0.966667 0.066406 0.066667
2 0.580078 0.966667 0.066406 0.066667
2 0.642578 0.966667 0.066406 0.066667
2 0.705078 0.966667 0.066406 0.066667
2 0.767578 0.966667 0.066406 0.066667
2 0.830078 0.966667 0.066406 0.066667
2 0.892578 0.966667 0.066406 0.066667
2 0.955078 0.966667 0.066406 0.066667
3 0.878906 0.668750 0.062500 0.095833
4 0.468750 0.612500 0.062500 0.066667