2 0.398438 0.566667 0.062500 0.066667
2 0.585938 0.566667 0.062500 0.066667
2 0.210938 0.633333 0.062500 0.066667
2 0.087891 0.900000 0.066406 0.066667
2 0.150391 0.900000 0.066406 0.066667
2 0.212891 0.900000 0.066406 0.066667
2 0.275391 0.900000 0.066406 0.066667
2 0.337891 0.900000 0.066406 0.066667
2 0.400391 0.900000 0.066406 0.066667
2 0.525391 0.900000 0.066406 0.066667
2 0.587891 0.900000 0.066406 0.066667
2 0.650391 0.900000 0.066406 0.066667
2 0.712891 0.900000 0.066406 0.066667
2 0.775391 0.900000 0.066406 0.066667
2 0.837891 0.900000 0.066406 0.066667
2 0.900391 0.900000 0.066406 0.066667
2 0.962891 0.900000 0.066406 0.066667
2 0.087891 0.966667 0.066406 0.066667
2 0.150391 0.966667 0.066406 0.066667
2 0.212891 0.966667 0.066406 0.066667
2 0.275391 0.966667 0.066406 0.066667
2 0.337891 0.966667 0.066406 0.066667
2 0.400391 0.966667 0.066406 0.066667
2 0.462891 0.966667 0.066406 0.066667
2 0.525391 0.966667 0.066406 0.066667
2 0.587891 0.966667 0.066406 0.066667
2 0.650391 0.966667 0.066406 0.066667
2 0.712891 0.966667 0.066406 0.066667
2 0.775391 0.966667 0.066406 0.066667
2 0.837891 0.966667 0.066406 0.066667
2 0.900391 0.966667 0.066406 0.066667
2 0.962891 0.966667 0.066406 0.066667
4 0.466797 0.837500 0.058594 0.066667
3 0.648438 0.729167 0.062500 0.100000
2 0.462891 0.900000 0.066406 0.066667
2 0.931641 0.633333 0.066406 0.066667