1 0.046875 0.837500 0.062500 0.066667
2 0.193359 0.900000 0.066406 0.066667
2 0.255859 0.900000 0.066406 0.066667
2 0.318359 0.900000 0.066406 0.066667
2 0.380859 0.900000 0.066406 0.066667
2 0.443359 0.900000 0.066406 0.066667
2 0.568359 0.900000 0.066406 0.066667
2 0.630859 0.900000 0.066406 0.066667
2 0.693359 0.900000 0.066406 0.066667
2 0.755859 0.900000 0.066406 0.066667
2 0.818359 0.900000 0.066406 0.066667
2 0.880859 0.900000 0.066406 0.066667
2 0.943359 0.900000 0.066406 0.066667
2 0.068359 0.966667 0.066406 0.066667
2 0.130859 0.966667 0.066406 0.066667
2 0.193359 0.966667 0.066406 0.066667
2 0.255859 0.966667 0.066406 0.066667
2 0.318359 0.966667 0.066406 0.066667
2 0.380859 0.966667 0.066406 0.066667
2 0.443359 0.966667 0.066406 0.066667
2 0.505859 0.966667 0.066406 0.066667
2 0.568359 0.966667 0.066406 0.066667
2 0.630859 0.966667 0.066406 0.066667
2 0.693359 0.966667 0.066406 0.066667
2 0.755859 0.966667 0.066406 0.066667
2 0.818359 0.966667 0.066406 0.066667
2 0.880859 0.966667 0.066406 0.066667
2 0.943359 0.966667 0.066406 0.066667
5 0.597656 0.700000 0.125000 0.200000
1 0.140625 0.835417 0.062500 0.062500
2 0.505859 0.900000 0.066406 0.066667
2 0.068359 0.900000 0.066406 0.066667