2 0.201172 0.564583 0.058594 0.062500
2 0.080078 0.900000 0.066406 0.066667
2 0.142578 0.900000 0.066406 0.066667
2 0.205078 0.900000 0.066406 0.066667
2 0.267578 0.900000 0.066406 0.066667
2 0.330078 0.900000 0.066406 0.066667
2 0.517578 0.900000 0.066406 0.066667
2 0.580078 0.900000 0.066406 0.066667
2 0.642578 0.900000 0.066406 0.066667
2 0.705078 0.900000 0.066406 0.066667
2 0.767578 0.900000 0.066406 0.066667
2 0.830078 0.900000 0.066406 0.066667
2 0.892578 0.900000 0.066406 0.066667
2 0.955078 0.900000 0.066406 0.066667
2 0.080078 0.966667 0.066406 0.066667
2 0.142578 0.966667 0.066406 0.066667
2 0.205078 0.966667 0.066406 0.066667
2 0.267578 0.966667 0.066406 0.066667
2 0.330078 0.966667 0.066406 0.066667
2 0.392578 0.966667 0.066406 0.066667
2 0.455078 0.966667 0.066406 0.066667
2 0.517578 0.966667 0.066406 0.066667
2 0.580078 0.966667 0.066406 0.066667
2 0.642578 0.966667 0.066406 0.066667
2 0.705078 0.966667 0.066406 0.066667
2 0.767578 0.966667 0.066406 0.066667
2 0.830078 0.966667 0.066406 0.066667
2 0.892578 0.966667 0.066406 0.066667
2 0.955078 0.966667 0.066406 0.066667
4 0.505859 0.735417 0.050781 0.062500
2 0.455078 0.900000 0.066406 0.066667
2 0.392578 0.900000 0.066406 0.066667
2 0.455078 0.633333 0.066406 0.066667
2 0.517578 0.633333 0.066406 0.066667
2 0.572266 0.633333 0.066406 0.066667
3 0.175781 0.662500 0.062500 0.100000