2 0.658203 0.564583 0.058594 0.062500
2 0.845703 0.564583 0.058594 0.062500
2 0.470703 0.631250 0.058594 0.062500
2 0.037109 0.900000 0.066406 0.066667
2 0.099609 0.900000 0.066406 0.066667
2 0.162109 0.900000 0.066406 0.066667
2 0.224609 0.900000 0.066406 0.066667
2 0.287109 0.900000 0.066406 0.066667
2 0.349609 0.900000 0.066406 0.066667
2 0.412109 0.900000 0.066406 0.066667
2 0.474609 0.900000 0.066406 0.066667
2 0.537109 0.900000 0.066406 0.066667
2 0.599609 0.900000 0.066406 0.066667
2 0.662109 0.900000 0.066406 0.066667
2 0.724609 0.900000 0.066406 0.066667
2 0.787109 0.900000 0.066406 0.066667
2 0.849609 0.900000 0.066406 0.066667
2 0.912109 0.900000 0.066406 0.066667
2 0.037109 0.966667 0.066406 0.066667
2 0.099609 0.966667 0.066406 0.066667
2 0.162109 0.966667 0.066406 0.066667
2 0.224609 0.966667 0.066406 0.066667
2 0.287109 0.966667 0.066406 0.066667
2 0.349609 0.966667 0.066406 0.066667
2 0.412109 0.966667 0.066406 0.066667
2 0.474609 0.966667 0.066406 0.066667
2 0.537109 0.966667 0.066406 0.066667
2 0.599609 0.966667 0.066406 0.066667
2 0.662109 0.966667 0.066406 0.066667
2 0.724609 0.966667 0.066406 0.066667
2 0.787109 0.966667 0.066406 0.066667
2 0.849609 0.966667 0.066406 0.066667
2 0.912109 0.966667 0.066406 0.066667
4 0.468750 0.779167 0.062500 0.066667