2 0.390625 0.633333 0.070312 0.066667
2 0.388672 0.364583 0.058594 0.062500
2 0.326172 0.631250 0.058594 0.062500
2 0.451172 0.631250 0.058594 0.062500
2 0.267578 0.633333 0.066406 0.066667
2 0.080078 0.900000 0.066406 0.066667
2 0.142578 0.900000 0.066406 0.066667
2 0.330078 0.900000 0.066406 0.066667
2 0.392578 0.900000 0.066406 0.066667
2 0.455078 0.900000 0.066406 0.066667
2 0.517578 0.900000 0.066406 0.066667
2 0.580078 0.900000 0.066406 0.066667
2 0.642578 0.900000 0.066406 0.066667
2 0.705078 0.900000 0.066406 0.066667
2 0.767578 0.900000 0.066406 0.066667
2 0.830078 0.900000 0.066406 0.066667
2 0.892578 0.900000 0.066406 0.066667
2 0.955078 0.900000 0.066406 0.066667
2 0.080078 0.966667 0.066406 0.066667
2 0.142578 0.966667 0.066406 0.066667
2 0.205078 0.966667 0.066406 0.066667
2 0.267578 0.966667 0.066406 0.066667
2 0.330078 0.966667 0.066406 0.066667
2 0.392578 0.966667 0.066406 0.066667
2 0.455078 0.966667 0.066406 0.066667
2 0.517578 0.966667 0.066406 0.066667
2 0.580078 0.966667 0.066406 0.066667
2 0.642578 0.966667 0.066406 0.066667
2 0.705078 0.966667 0.066406 0.066667
2 0.767578 0.966667 0.066406 0.066667
2 0.830078 0.966667 0.066406 0.066667
2 0.892578 0.966667 0.066406 0.066667
2 0.955078 0.966667 0.066406 0.066667
4 0.468750 0.554167 0.062500 0.066667
5 0.796875 0.800000 0.125000 0.133333
1 0.214844 0.837500 0.062500 0.066667
2 0.267578 0.900000 0.066406 0.066667
2 0.509766 0.633333 0.066406 0.066667
2 0.205078 0.900000 0.066406 0.066667