2 0.414062 0.633333 0.062500 0.066667
2 0.476562 0.633333 0.062500 0.066667
2 0.041016 0.900000 0.066406 0.066667
2 0.103516 0.900000 0.066406 0.066667
2 0.166016 0.900000 0.066406 0.066667
2 0.228516 0.900000 0.066406 0.066667
2 0.291016 0.900000 0.066406 0.066667
2 0.353516 0.900000 0.066406 0.066667
2 0.416016 0.900000 0.066406 0.066667
2 0.541016 0.900000 0.066406 0.066667
2 0.791016 0.900000 0.066406 0.066667
2 0.853516 0.900000 0.066406 0.066667
2 0.916016 0.900000 0.066406 0.066667
2 0.041016 0.966667 0.066406 0.066667
2 0.103516 0.966667 0.066406 0.066667
2 0.166016 0.966667 0.066406 0.066667
2 0.228516 0.966667 0.066406 0.066667
2 0.291016 0.966667 0.066406 0.066667
2 0.353516 0.966667 0.066406 0.066667
2 0.416016 0.966667 0.066406 0.066667
2 0.478516 0.966667 0.066406 0.066667
2 0.541016 0.966667 0.066406 0.066667
2 0.791016 0.966667 0.066406 0.066667
2 0.853516 0.966667 0.066406 0.066667
2 0.916016 0.966667 0.066406 0.066667
4 0.470703 0.839583 0.050781 0.062500
2 0.478516 0.900000 0.066406 0.066667