1 0.847656 0.837500 0.062500 0.066667
2 0.037109 0.900000 0.066406 0.066667
2 0.099609 0.900000 0.066406 0.066667
2 0.162109 0.900000 0.066406 0.066667
2 0.224609 0.900000 0.066406 0.066667
2 0.412109 0.900000 0.066406 0.066667
2 0.474609 0.900000 0.066406 0.066667
2 0.537109 0.900000 0.066406 0.066667
2 0.599609 0.900000 0.066406 0.066667
2 0.912109 0.900000 0.066406 0.066667
2 0.037109 0.966667 0.066406 0.066667
2 0.099609 0.966667 0.066406 0.066667
2 0.162109 0.966667 0.066406 0.066667
2 0.224609 0.966667 0.066406 0.066667
2 0.287109 0.966667 0.066406 0.066667
2 0.349609 0.966667 0.066406 0.066667
2 0.412109 0.966667 0.066406 0.066667
2 0.474609 0.966667 0.066406 0.066667
2 0.537109 0.966667 0.066406 0.066667
2 0.599609 0.966667 0.066406 0.066667
2 0.662109 0.966667 0.066406 0.066667
2 0.724609 0.966667 0.066406 0.066667
2 0.787109 0.966667 0.066406 0.066667
2 0.849609 0.966667 0.066406 0.066667
2 0.912109 0.966667 0.066406 0.066667
4 0.468750 0.654167 0.062500 0.066667
2 0.349609 0.900000 0.066406 0.066667
2 0.287109 0.900000 0.066406 0.066667
1 0.753906 0.837500 0.062500 0.066667
1 0.664062 0.835417 0.062500 0.062500
2 0.724609 0.900000 0.066406 0.066667
2 0.787109 0.900000 0.066406 0.066667
2 0.849609 0.900000 0.066406 0.066667