1 0.632812 0.837500 0.062500 0.066667
1 0.726562 0.837500 0.062500 0.066667
2 0.064453 0.900000 0.066406 0.066667
2 0.126953 0.900000 0.066406 0.066667
2 0.189453 0.900000 0.066406 0.066667
2 0.314453 0.900000 0.066406 0.066667
2 0.376953 0.900000 0.066406 0.066667
2 0.564453 0.900000 0.066406 0.066667
2 0.814453 0.900000 0.066406 0.066667
2 0.876953 0.900000 0.066406 0.066667
2 0.939453 0.900000 0.066406 0.066667
2 0.064453 0.966667 0.066406 0.066667
2 0.126953 0.966667 0.066406 0.066667
2 0.189453 0.966667 0.066406 0.066667
2 0.251953 0.966667 0.066406 0.066667
2 0.314453 0.966667 0.066406 0.066667
2 0.376953 0.966667 0.066406 0.066667
2 0.439453 0.966667 0.066406 0.066667
2 0.501953 0.966667 0.066406 0.066667
2 0.564453 0.966667 0.066406 0.066667
2 0.626953 0.966667 0.066406 0.066667
2 0.689453 0.966667 0.066406 0.066667
2 0.751953 0.966667 0.066406 0.066667
2 0.814453 0.966667 0.066406 0.066667
2 0.876953 0.966667 0.066406 0.066667
2 0.939453 0.966667 0.066406 0.066667
3 0.257812 0.841667 0.062500 0.058333
2 0.501953 0.900000 0.066406 0.066667
2 0.439453 0.900000 0.066406 0.066667
2 0.689453 0.900000 0.066406 0.066667
2 0.251953 0.900000 0.066406 0.066667
2 0.751953 0.900000 0.066406 0.066667