2 0.460938 0.633333 0.070312 0.066667
2 0.460938 0.366667 0.062500 0.066667
2 0.085938 0.633333 0.062500 0.066667
2 0.398438 0.633333 0.062500 0.066667
2 0.523438 0.633333 0.062500 0.066667
2 0.337891 0.633333 0.066406 0.066667
2 0.087891 0.900000 0.066406 0.066667
2 0.150391 0.900000 0.066406 0.066667
2 0.212891 0.900000 0.066406 0.066667
2 0.400391 0.900000 0.066406 0.066667
2 0.462891 0.900000 0.066406 0.066667
2 0.525391 0.900000 0.066406 0.066667
2 0.587891 0.900000 0.066406 0.066667
2 0.650391 0.900000 0.066406 0.066667
2 0.712891 0.900000 0.066406 0.066667
2 0.775391 0.900000 0.066406 0.066667
2 0.837891 0.900000 0.066406 0.066667
2 0.900391 0.900000 0.066406 0.066667
2 0.962891 0.900000 0.066406 0.066667
2 0.087891 0.966667 0.066406 0.066667
2 0.150391 0.966667 0.066406 0.066667
2 0.212891 0.966667 0.066406 0.066667
2 0.275391 0.966667 0.066406 0.066667
2 0.337891 0.966667 0.066406 0.066667
2 0.400391 0.966667 0.066406 0.066667
2 0.462891 0.966667 0.066406 0.066667
2 0.525391 0.966667 0.066406 0.066667
2 0.587891 0.966667 0.066406 0.066667
2 0.650391 0.966667 0.066406 0.066667
2 0.712891 0.966667 0.066406 0.066667
2 0.775391 0.966667 0.066406 0.066667
2 0.837891 0.966667 0.066406 0.066667
2 0.900391 0.966667 0.066406 0.066667
2 0.962891 0.966667 0.066406 0.066667
4 0.468750 0.479167 0.062500 0.066667
5 0.867188 0.800000 0.125000 0.133333
1 0.300781 0.837500 0.062500 0.066667
2 0.337891 0.900000 0.066406 0.066667
2 0.275391 0.900000 0.066406 0.066667
2 0.580078 0.633333 0.066406 0.066667