2 0.087891 0.900000 0.066406 0.066667
2 0.150391 0.900000 0.066406 0.066667
2 0.212891 0.900000 0.066406 0.066667
2 0.275391 0.900000 0.066406 0.066667
2 0.400391 0.900000 0.066406 0.066667
2 0.462891 0.900000 0.066406 0.066667
2 0.525391 0.900000 0.066406 0.066667
2 0.587891 0.900000 0.066406 0.066667
2 0.650391 0.900000 0.066406 0.066667
2 0.712891 0.900000 0.066406 0.066667
2 0.775391 0.900000 0.066406 0.066667
2 0.837891 0.900000 0.066406 0.066667
2 0.900391 0.900000 0.066406 0.066667
2 0.962891 0.900000 0.066406 0.066667
2 0.087891 0.966667 0.066406 0.066667
2 0.150391 0.966667 0.066406 0.066667
2 0.212891 0.966667 0.066406 0.066667
2 0.275391 0.966667 0.066406 0.066667
2 0.337891 0.966667 0.066406 0.066667
2 0.400391 0.966667 0.066406 0.066667
2 0.462891 0.966667 0.066406 0.066667
2 0.525391 0.966667 0.066406 0.066667
2 0.587891 0.966667 0.066406 0.066667
2 0.650391 0.966667 0.066406 0.066667
2 0.712891 0.966667 0.066406 0.066667
2 0.775391 0.966667 0.066406 0.066667
2 0.837891 0.966667 0.066406 0.066667
2 0.900391 0.966667 0.066406 0.066667
2 0.962891 0.966667 0.066406 0.066667
4 0.353516 0.839583 0.050781 0.062500
2 0.337891 0.900000 0.066406 0.066667