2 0.085938 0.633333 0.062500 0.066667
2 0.148438 0.633333 0.062500 0.066667
2 0.087891 0.900000 0.066406 0.066667
2 0.150391 0.900000 0.066406 0.066667
2 0.212891 0.900000 0.066406 0.066667
2 0.462891 0.900000 0.066406 0.066667
2 0.525391 0.900000 0.066406 0.066667
2 0.587891 0.900000 0.066406 0.066667
2 0.650391 0.900000 0.066406 0.066667
2 0.712891 0.900000 0.066406 0.066667
2 0.775391 0.900000 0.066406 0.066667
2 0.837891 0.900000 0.066406 0.066667
2 0.900391 0.900000 0.066406 0.066667
2 0.087891 0.966667 0.066406 0.066667
2 0.150391 0.966667 0.066406 0.066667
2 0.212891 0.966667 0.066406 0.066667
2 0.462891 0.966667 0.066406 0.066667
2 0.525391 0.966667 0.066406 0.066667
2 0.587891 0.966667 0.066406 0.066667
2 0.650391 0.966667 0.066406 0.066667
2 0.712891 0.966667 0.066406 0.066667
2 0.775391 0.966667 0.066406 0.066667
2 0.837891 0.966667 0.066406 0.066667
2 0.900391 0.966667 0.066406 0.066667
2 0.898438 0.766667 0.062500 0.066667
2 0.960938 0.766667 0.062500 0.066667
2 0.710938 0.833333 0.062500 0.066667
2 0.773438 0.833333 0.062500 0.066667
2 0.835938 0.833333 0.062500 0.066667
2 0.898438 0.833333 0.062500 0.066667
2 0.960938 0.833333 0.062500 0.066667
4 0.468750 0.508333 0.062500 0.066667