2 0.103516 0.364583 0.058594 0.062500
2 0.103516 0.631250 0.058594 0.062500
2 0.044922 0.900000 0.066406 0.066667
2 0.107422 0.900000 0.066406 0.066667
2 0.169922 0.900000 0.066406 0.066667
2 0.232422 0.900000 0.066406 0.066667
2 0.294922 0.900000 0.066406 0.066667
2 0.419922 0.900000 0.066406 0.066667
2 0.669922 0.900000 0.066406 0.066667
2 0.732422 0.900000 0.066406 0.066667
2 0.794922 0.900000 0.066406 0.066667
2 0.857422 0.900000 0.066406 0.066667
2 0.919922 0.900000 0.066406 0.066667
2 0.044922 0.966667 0.066406 0.066667
2 0.107422 0.966667 0.066406 0.066667
2 0.169922 0.966667 0.066406 0.066667
2 0.232422 0.966667 0.066406 0.066667
2 0.294922 0.966667 0.066406 0.066667
2 0.357422 0.966667 0.066406 0.066667
2 0.419922 0.966667 0.066406 0.066667
2 0.669922 0.966667 0.066406 0.066667
2 0.732422 0.966667 0.066406 0.066667
2 0.794922 0.966667 0.066406 0.066667
2 0.857422 0.966667 0.066406 0.066667
2 0.919922 0.966667 0.066406 0.066667
4 0.488281 0.545833 0.062500 0.066667
2 0.357422 0.900000 0.066406 0.066667
2 0.482422 0.900000 0.066406 0.066667
2 0.482422 0.966667 0.066406 0.066667