2 0.193359 0.631250 0.058594 0.062500
2 0.255859 0.631250 0.058594 0.062500
2 0.072266 0.900000 0.066406 0.066667
2 0.134766 0.900000 0.066406 0.066667
2 0.197266 0.900000 0.066406 0.066667
2 0.259766 0.900000 0.066406 0.066667
2 0.322266 0.900000 0.066406 0.066667
2 0.572266 0.900000 0.066406 0.066667
2 0.634766 0.900000 0.066406 0.066667
2 0.697266 0.900000 0.066406 0.066667
2 0.759766 0.900000 0.066406 0.066667
2 0.822266 0.900000 0.066406 0.066667
2 0.884766 0.900000 0.066406 0.066667
2 0.947266 0.900000 0.066406 0.066667
2 0.072266 0.966667 0.066406 0.066667
2 0.134766 0.966667 0.066406 0.066667
2 0.197266 0.966667 0.066406 0.066667
2 0.259766 0.966667 0.066406 0.066667
2 0.322266 0.966667 0.066406 0.066667
2 0.572266 0.966667 0.066406 0.066667
2 0.634766 0.966667 0.066406 0.066667
2 0.697266 0.966667 0.066406 0.066667
2 0.759766 0.966667 0.066406 0.066667
2 0.822266 0.966667 0.066406 0.066667
2 0.884766 0.966667 0.066406 0.066667
2 0.947266 0.966667 0.066406 0.066667
2 0.820312 0.833333 0.062500 0.066667
2 0.882812 0.833333 0.062500 0.066667
2 0.945312 0.833333 0.062500 0.066667
4 0.468750 0.783333 0.062500 0.066667