2 0.488281 0.633333 0.070312 0.066667
2 0.488281 0.366667 0.062500 0.066667
2 0.113281 0.633333 0.062500 0.066667
2 0.425781 0.633333 0.062500 0.066667
2 0.550781 0.633333 0.062500 0.066667
2 0.365234 0.633333 0.066406 0.066667
2 0.052734 0.900000 0.066406 0.066667
2 0.115234 0.900000 0.066406 0.066667
2 0.177734 0.900000 0.066406 0.066667
2 0.240234 0.900000 0.066406 0.066667
2 0.427734 0.900000 0.066406 0.066667
2 0.490234 0.900000 0.066406 0.066667
2 0.552734 0.900000 0.066406 0.066667
2 0.615234 0.900000 0.066406 0.066667
2 0.677734 0.900000 0.066406 0.066667
2 0.740234 0.900000 0.066406 0.066667
2 0.802734 0.900000 0.066406 0.066667
2 0.865234 0.900000 0.066406 0.066667
2 0.927734 0.900000 0.066406 0.066667
2 0.052734 0.966667 0.066406 0.066667
2 0.115234 0.966667 0.066406 0.066667
2 0.177734 0.966667 0.066406 0.066667
2 0.240234 0.966667 0.066406 0.066667
2 0.302734 0.966667 0.066406 0.066667
2 0.365234 0.966667 0.066406 0.066667
2 0.427734 0.966667 0.066406 0.066667
2 0.490234 0.966667 0.066406 0.066667
2 0.552734 0.966667 0.066406 0.066667
2 0.615234 0.966667 0.066406 0.066667
2 0.677734 0.966667 0.066406 0.066667
2 0.740234 0.966667 0.066406 0.066667
2 0.802734 0.966667 0.066406 0.066667
2 0.865234 0.966667 0.066406 0.066667
2 0.927734 0.966667 0.066406 0.066667
4 0.468750 0.795833 0.062500 0.066667
5 0.894531 0.800000 0.125000 0.133333
2 0.302734 0.900000 0.066406 0.066667
2 0.365234 0.900000 0.066406 0.066667