2 0.052734 0.900000 0.066406 0.066667
2 0.115234 0.900000 0.066406 0.066667
2 0.177734 0.900000 0.066406 0.066667
2 0.240234 0.900000 0.066406 0.066667
2 0.302734 0.900000 0.066406 0.066667
2 0.365234 0.900000 0.066406 0.066667
2 0.427734 0.900000 0.066406 0.066667
2 0.490234 0.900000 0.066406 0.066667
2 0.552734 0.900000 0.066406 0.066667
2 0.615234 0.900000 0.066406 0.066667
2 0.677734 0.900000 0.066406 0.066667
2 0.740234 0.900000 0.066406 0.066667
2 0.802734 0.900000 0.066406 0.066667
2 0.865234 0.900000 0.066406 0.066667
2 0.927734 0.900000 0.066406 0.066667
2 0.052734 0.966667 0.066406 0.066667
2 0.115234 0.966667 0.066406 0.066667
2 0.177734 0.966667 0.066406 0.066667
2 0.240234 0.966667 0.066406 0.066667
2 0.302734 0.966667 0.066406 0.066667
2 0.365234 0.966667 0.066406 0.066667
2 0.427734 0.966667 0.066406 0.066667
2 0.490234 0.966667 0.066406 0.066667
2 0.552734 0.966667 0.066406 0.066667
2 0.615234 0.966667 0.066406 0.066667
2 0.677734 0.966667 0.066406 0.066667
2 0.740234 0.966667 0.066406 0.066667
2 0.802734 0.966667 0.066406 0.066667
2 0.865234 0.966667 0.066406 0.066667
2 0.927734 0.966667 0.066406 0.066667
2 0.925781 0.833333 0.062500 0.066667
4 0.468750 0.612500 0.062500 0.066667
2 0.615234 0.633333 0.066406 0.066667
2 0.677734 0.633333 0.066406 0.066667
2 0.732422 0.633333 0.066406 0.066667