2 0.115234 0.564583 0.058594 0.062500
2 0.302734 0.564583 0.058594 0.062500
2 0.056641 0.900000 0.066406 0.066667
2 0.119141 0.900000 0.066406 0.066667
2 0.181641 0.900000 0.066406 0.066667
2 0.244141 0.900000 0.066406 0.066667
2 0.306641 0.900000 0.066406 0.066667
2 0.369141 0.900000 0.066406 0.066667
2 0.431641 0.900000 0.066406 0.066667
2 0.556641 0.900000 0.066406 0.066667
2 0.619141 0.900000 0.066406 0.066667
2 0.681641 0.900000 0.066406 0.066667
2 0.744141 0.900000 0.066406 0.066667
2 0.806641 0.900000 0.066406 0.066667
2 0.869141 0.900000 0.066406 0.066667
2 0.931641 0.900000 0.066406 0.066667
2 0.056641 0.966667 0.066406 0.066667
2 0.119141 0.966667 0.066406 0.066667
2 0.181641 0.966667 0.066406 0.066667
2 0.244141 0.966667 0.066406 0.066667
2 0.306641 0.966667 0.066406 0.066667
2 0.369141 0.966667 0.066406 0.066667
2 0.431641 0.966667 0.066406 0.066667
2 0.494141 0.966667 0.066406 0.066667
2 0.556641 0.966667 0.066406 0.066667
2 0.619141 0.966667 0.066406 0.066667
2 0.681641 0.966667 0.066406 0.066667
2 0.744141 0.966667 0.066406 0.066667
2 0.806641 0.966667 0.066406 0.066667
2 0.869141 0.966667 0.066406 0.066667
2 0.931641 0.966667 0.066406 0.066667
4 0.486328 0.839583 0.050781 0.062500
3 0.242188 0.725000 0.062500 0.100000
2 0.494141 0.900000 0.066406 0.066667
2 0.556641 0.633333 0.066406 0.066667
2 0.619141 0.633333 0.066406 0.066667
2 0.673828 0.633333 0.066406 0.066667