2 0.080078 0.900000 0.066406 0.066667
2 0.142578 0.900000 0.066406 0.066667
2 0.205078 0.900000 0.066406 0.066667
2 0.267578 0.900000 0.066406 0.066667
2 0.330078 0.900000 0.066406 0.066667
2 0.392578 0.900000 0.066406 0.066667
2 0.455078 0.900000 0.066406 0.066667
2 0.517578 0.900000 0.066406 0.066667
2 0.080078 0.966667 0.066406 0.066667
2 0.142578 0.966667 0.066406 0.066667
2 0.205078 0.966667 0.066406 0.066667
2 0.267578 0.966667 0.066406 0.066667
2 0.330078 0.966667 0.066406 0.066667
2 0.392578 0.966667 0.066406 0.066667
2 0.455078 0.966667 0.066406 0.066667
2 0.517578 0.966667 0.066406 0.066667
2 0.890625 0.633333 0.062500 0.066667
2 0.953125 0.633333 0.062500 0.066667
2 0.703125 0.700000 0.062500 0.066667
2 0.765625 0.700000 0.062500 0.066667
2 0.828125 0.700000 0.062500 0.066667
2 0.890625 0.700000 0.062500 0.066667
2 0.578125 0.766667 0.062500 0.066667
2 0.640625 0.766667 0.062500 0.066667
2 0.703125 0.766667 0.062500 0.066667
2 0.765625 0.766667 0.062500 0.066667
2 0.328125 0.833333 0.062500 0.066667
2 0.390625 0.833333 0.062500 0.066667
2 0.515625 0.833333 0.062500 0.066667
2 0.578125 0.833333 0.062500 0.066667
2 0.640625 0.833333 0.062500 0.066667
4 0.458984 0.770833 0.058594 0.066667
2 0.515625 0.766667 0.062500 0.066667
2 0.453125 0.833333 0.062500 0.066667
2 0.955078 0.366667 0.066406 0.066667