2 0.033203 0.900000 0.066406 0.066667
2 0.095703 0.900000 0.066406 0.066667
2 0.158203 0.900000 0.066406 0.066667
2 0.220703 0.900000 0.066406 0.066667
2 0.283203 0.900000 0.066406 0.066667
2 0.345703 0.900000 0.066406 0.066667
2 0.408203 0.900000 0.066406 0.066667
2 0.470703 0.900000 0.066406 0.066667
2 0.533203 0.900000 0.066406 0.066667
2 0.595703 0.900000 0.066406 0.066667
2 0.658203 0.900000 0.066406 0.066667
2 0.720703 0.900000 0.066406 0.066667
2 0.783203 0.900000 0.066406 0.066667
2 0.845703 0.900000 0.066406 0.066667
2 0.908203 0.900000 0.066406 0.066667
2 0.033203 0.966667 0.066406 0.066667
2 0.095703 0.966667 0.066406 0.066667
2 0.158203 0.966667 0.066406 0.066667
2 0.220703 0.966667 0.066406 0.066667
2 0.283203 0.966667 0.066406 0.066667
2 0.345703 0.966667 0.066406 0.066667
2 0.408203 0.966667 0.066406 0.066667
2 0.470703 0.966667 0.066406 0.066667
2 0.533203 0.966667 0.066406 0.066667
2 0.595703 0.966667 0.066406 0.066667
2 0.658203 0.966667 0.066406 0.066667
2 0.720703 0.966667 0.066406 0.066667
2 0.783203 0.966667 0.066406 0.066667
2 0.845703 0.966667 0.066406 0.066667
2 0.908203 0.966667 0.066406 0.066667
2 0.593750 0.566667 0.062500 0.066667
2 0.593750 0.633333 0.062500 0.066667
2 0.531250 0.700000 0.062500 0.066667
2 0.593750 0.700000 0.062500 0.066667
2 0.468750 0.766667 0.062500 0.066667
2 0.531250 0.766667 0.062500 0.066667
2 0.593750 0.766667 0.062500 0.066667
2 0.343750 0.833333 0.062500 0.066667
2 0.406250 0.833333 0.062500 0.066667
2 0.468750 0.833333 0.062500 0.066667
2 0.531250 0.833333 0.062500 0.066667
2 0.593750 0.833333 0.062500 0.066667
4 0.474609 0.637500 0.058594 0.066667
2 0.531250 0.633333 0.062500 0.066667
1 0.351562 0.733333 0.062500 0.066667
2 0.406250 0.766667 0.062500 0.066667
2 0.468750 0.700000 0.062500 0.066667
2 0.908203 0.366667 0.066406 0.066667
2 0.033203 0.633333 0.066406 0.066667
2 0.095703 0.633333 0.066406 0.066667
2 0.962891 0.366667 0.066406 0.066667
2 0.150391 0.633333 0.066406 0.066667