0 0.382812 0.400000 0.015625 0.058333
2 0.068359 0.900000 0.066406 0.066667
2 0.130859 0.900000 0.066406 0.066667
2 0.193359 0.900000 0.066406 0.066667
2 0.255859 0.900000 0.066406 0.066667
2 0.568359 0.900000 0.066406 0.066667
2 0.630859 0.900000 0.066406 0.066667
2 0.693359 0.900000 0.066406 0.066667
2 0.755859 0.900000 0.066406 0.066667
2 0.818359 0.900000 0.066406 0.066667
2 0.880859 0.900000 0.066406 0.066667
2 0.943359 0.900000 0.066406 0.066667
2 0.068359 0.966667 0.066406 0.066667
2 0.130859 0.966667 0.066406 0.066667
2 0.193359 0.966667 0.066406 0.066667
2 0.255859 0.966667 0.066406 0.066667
2 0.318359 0.966667 0.066406 0.066667
2 0.380859 0.966667 0.066406 0.066667
2 0.443359 0.966667 0.066406 0.066667
2 0.505859 0.966667 0.066406 0.066667
2 0.568359 0.966667 0.066406 0.066667
2 0.630859 0.966667 0.066406 0.066667
2 0.693359 0.966667 0.066406 0.066667
2 0.755859 0.966667 0.066406 0.066667
2 0.818359 0.966667 0.066406 0.066667
2 0.880859 0.966667 0.066406 0.066667
2 0.943359 0.966667 0.066406 0.066667
2 0.128906 0.566667 0.062500 0.066667
2 0.066406 0.633333 0.062500 0.066667
2 0.128906 0.633333 0.062500 0.066667
2 0.753906 0.633333 0.062500 0.066667
2 0.066406 0.700000 0.062500 0.066667
2 0.128906 0.700000 0.062500 0.066667
2 0.753906 0.700000 0.062500 0.066667
2 0.066406 0.766667 0.062500 0.066667
2 0.128906 0.766667 0.062500 0.066667
2 0.753906 0.766667 0.062500 0.066667
2 0.816406 0.766667 0.062500 0.066667
2 0.066406 0.833333 0.062500 0.066667
2 0.128906 0.833333 0.062500 0.066667
2 0.753906 0.833333 0.062500 0.066667
2 0.816406 0.833333 0.062500 0.066667
3 0.332031 0.822917 0.062500 0.095833
3 0.480469 0.841667 0.062500 0.058333
4 0.527344 0.741667 0.062500 0.066667
2 0.380859 0.900000 0.066406 0.066667
2 0.443359 0.900000 0.066406 0.066667
2 0.505859 0.900000 0.066406 0.066667
2 0.318359 0.900000 0.066406 0.066667
2 0.443359 0.366667 0.066406 0.066667
2 0.505859 0.366667 0.066406 0.066667
2 0.560547 0.366667 0.066406 0.066667