2 0.072266 0.900000 0.066406 0.066667
2 0.322266 0.900000 0.066406 0.066667
2 0.384766 0.900000 0.066406 0.066667
2 0.447266 0.900000 0.066406 0.066667
2 0.509766 0.900000 0.066406 0.066667
2 0.572266 0.900000 0.066406 0.066667
2 0.634766 0.900000 0.066406 0.066667
2 0.697266 0.900000 0.066406 0.066667
2 0.759766 0.900000 0.066406 0.066667
2 0.072266 0.966667 0.066406 0.066667
2 0.322266 0.966667 0.066406 0.066667
2 0.384766 0.966667 0.066406 0.066667
2 0.447266 0.966667 0.066406 0.066667
2 0.509766 0.966667 0.066406 0.066667
2 0.572266 0.966667 0.066406 0.066667
2 0.634766 0.966667 0.066406 0.066667
2 0.697266 0.966667 0.066406 0.066667
2 0.759766 0.966667 0.066406 0.066667
2 0.945312 0.700000 0.062500 0.066667
2 0.757812 0.766667 0.062500 0.066667
2 0.820312 0.766667 0.062500 0.066667
2 0.882812 0.766667 0.062500 0.066667
2 0.945312 0.766667 0.062500 0.066667
2 0.570312 0.833333 0.062500 0.066667
2 0.632812 0.833333 0.062500 0.066667
2 0.695312 0.833333 0.062500 0.066667
2 0.757812 0.833333 0.062500 0.066667
2 0.820312 0.833333 0.062500 0.066667
2 0.882812 0.833333 0.062500 0.066667
4 0.468750 0.675000 0.062500 0.066667