2 0.060547 0.900000 0.066406 0.066667
2 0.123047 0.900000 0.066406 0.066667
2 0.185547 0.900000 0.066406 0.066667
2 0.248047 0.900000 0.066406 0.066667
2 0.310547 0.900000 0.066406 0.066667
2 0.373047 0.900000 0.066406 0.066667
2 0.435547 0.900000 0.066406 0.066667
2 0.498047 0.900000 0.066406 0.066667
2 0.060547 0.966667 0.066406 0.066667
2 0.123047 0.966667 0.066406 0.066667
2 0.185547 0.966667 0.066406 0.066667
2 0.248047 0.966667 0.066406 0.066667
2 0.310547 0.966667 0.066406 0.066667
2 0.373047 0.966667 0.066406 0.066667
2 0.435547 0.966667 0.066406 0.066667
2 0.498047 0.966667 0.066406 0.066667
4 0.468750 0.795833 0.062500 0.066667
2 0.560547 0.900000 0.066406 0.066667
2 0.560547 0.966667 0.066406 0.066667