2 0.091797 0.900000 0.066406 0.066667
2 0.154297 0.900000 0.066406 0.066667
2 0.216797 0.900000 0.066406 0.066667
2 0.341797 0.900000 0.066406 0.066667
2 0.529297 0.900000 0.066406 0.066667
2 0.591797 0.900000 0.066406 0.066667
2 0.654297 0.900000 0.066406 0.066667
2 0.716797 0.900000 0.066406 0.066667
2 0.779297 0.900000 0.066406 0.066667
2 0.841797 0.900000 0.066406 0.066667
2 0.904297 0.900000 0.066406 0.066667
2 0.966797 0.900000 0.066406 0.066667
2 0.091797 0.966667 0.066406 0.066667
2 0.154297 0.966667 0.066406 0.066667
2 0.216797 0.966667 0.066406 0.066667
2 0.279297 0.966667 0.066406 0.066667
2 0.341797 0.966667 0.066406 0.066667
2 0.404297 0.966667 0.066406 0.066667
2 0.466797 0.966667 0.066406 0.066667
2 0.529297 0.966667 0.066406 0.066667
2 0.591797 0.966667 0.066406 0.066667
2 0.654297 0.966667 0.066406 0.066667
2 0.716797 0.966667 0.066406 0.066667
2 0.779297 0.966667 0.066406 0.066667
2 0.841797 0.966667 0.066406 0.066667
2 0.904297 0.966667 0.066406 0.066667
2 0.966797 0.966667 0.066406 0.066667
2 0.089844 0.566667 0.062500 0.066667
2 0.089844 0.633333 0.062500 0.066667
2 0.714844 0.633333 0.062500 0.066667
2 0.089844 0.700000 0.062500 0.066667
2 0.714844 0.700000 0.062500 0.066667
2 0.089844 0.766667 0.062500 0.066667
2 0.714844 0.766667 0.062500 0.066667
2 0.777344 0.766667 0.062500 0.066667
2 0.089844 0.833333 0.062500 0.066667
2 0.714844 0.833333 0.062500 0.066667
2 0.777344 0.833333 0.062500 0.066667
3 0.441406 0.841667 0.062500 0.058333
4 0.527344 0.829167 0.062500 0.066667
2 0.404297 0.900000 0.066406 0.066667
2 0.279297 0.900000 0.066406 0.066667
2 0.466797 0.900000 0.066406 0.066667
2 0.404297 0.366667 0.066406 0.066667
2 0.466797 0.366667 0.066406 0.066667
2 0.521484 0.366667 0.066406 0.066667