1 0.632812 0.837500 0.062500 0.066667
1 0.722656 0.837500 0.062500 0.066667
2 0.048828 0.900000 0.066406 0.066667
2 0.111328 0.900000 0.066406 0.066667
2 0.173828 0.900000 0.066406 0.066667
2 0.236328 0.900000 0.066406 0.066667
2 0.298828 0.900000 0.066406 0.066667
2 0.361328 0.900000 0.066406 0.066667
2 0.423828 0.900000 0.066406 0.066667
2 0.486328 0.900000 0.066406 0.066667
2 0.548828 0.900000 0.066406 0.066667
2 0.798828 0.900000 0.066406 0.066667
2 0.861328 0.900000 0.066406 0.066667
2 0.923828 0.900000 0.066406 0.066667
2 0.048828 0.966667 0.066406 0.066667
2 0.111328 0.966667 0.066406 0.066667
2 0.173828 0.966667 0.066406 0.066667
2 0.236328 0.966667 0.066406 0.066667
2 0.298828 0.966667 0.066406 0.066667
2 0.361328 0.966667 0.066406 0.066667
2 0.423828 0.966667 0.066406 0.066667
2 0.486328 0.966667 0.066406 0.066667
2 0.548828 0.966667 0.066406 0.066667
2 0.611328 0.966667 0.066406 0.066667
2 0.673828 0.966667 0.066406 0.066667
2 0.736328 0.966667 0.066406 0.066667
2 0.798828 0.966667 0.066406 0.066667
2 0.861328 0.966667 0.066406 0.066667
2 0.923828 0.966667 0.066406 0.066667
4 0.501953 0.572917 0.050781 0.062500
5 0.515625 0.700000 0.125000 0.200000
2 0.611328 0.900000 0.066406 0.066667
2 0.673828 0.900000 0.066406 0.066667
2 0.736328 0.900000 0.066406 0.066667