2 0.046875 0.566667 0.062500 0.066667
2 0.234375 0.566667 0.062500 0.066667
2 0.048828 0.900000 0.066406 0.066667
2 0.111328 0.900000 0.066406 0.066667
2 0.173828 0.900000 0.066406 0.066667
2 0.236328 0.900000 0.066406 0.066667
2 0.298828 0.900000 0.066406 0.066667
2 0.361328 0.900000 0.066406 0.066667
2 0.423828 0.900000 0.066406 0.066667
2 0.548828 0.900000 0.066406 0.066667
2 0.611328 0.900000 0.066406 0.066667
2 0.673828 0.900000 0.066406 0.066667
2 0.736328 0.900000 0.066406 0.066667
2 0.798828 0.900000 0.066406 0.066667
2 0.861328 0.900000 0.066406 0.066667
2 0.923828 0.900000 0.066406 0.066667
2 0.048828 0.966667 0.066406 0.066667
2 0.111328 0.966667 0.066406 0.066667
2 0.173828 0.966667 0.066406 0.066667
2 0.236328 0.966667 0.066406 0.066667
2 0.298828 0.966667 0.066406 0.066667
2 0.361328 0.966667 0.066406 0.066667
2 0.423828 0.966667 0.066406 0.066667
2 0.486328 0.966667 0.066406 0.066667
2 0.548828 0.966667 0.066406 0.066667
2 0.611328 0.966667 0.066406 0.066667
2 0.673828 0.966667 0.066406 0.066667
2 0.736328 0.966667 0.066406 0.066667
2 0.798828 0.966667 0.066406 0.066667
2 0.861328 0.966667 0.066406 0.066667
2 0.923828 0.966667 0.066406 0.066667
3 0.394531 0.668750 0.062500 0.095833
3 0.160156 0.781250 0.062500 0.095833
4 0.486328 0.839583 0.050781 0.062500
2 0.486328 0.900000 0.066406 0.066667
2 0.486328 0.633333 0.066406 0.066667
2 0.548828 0.633333 0.066406 0.066667
2 0.603516 0.633333 0.066406 0.066667