2 0.041016 0.900000 0.066406 0.066667
2 0.103516 0.900000 0.066406 0.066667
2 0.166016 0.900000 0.066406 0.066667
2 0.228516 0.900000 0.066406 0.066667
2 0.291016 0.900000 0.066406 0.066667
2 0.353516 0.900000 0.066406 0.066667
2 0.416016 0.900000 0.066406 0.066667
2 0.478516 0.900000 0.066406 0.066667
2 0.541016 0.900000 0.066406 0.066667
2 0.603516 0.900000 0.066406 0.066667
2 0.666016 0.900000 0.066406 0.066667
2 0.728516 0.900000 0.066406 0.066667
2 0.791016 0.900000 0.066406 0.066667
2 0.853516 0.900000 0.066406 0.066667
2 0.916016 0.900000 0.066406 0.066667
2 0.041016 0.966667 0.066406 0.066667
2 0.103516 0.966667 0.066406 0.066667
2 0.166016 0.966667 0.066406 0.066667
2 0.228516 0.966667 0.066406 0.066667
2 0.291016 0.966667 0.066406 0.066667
2 0.353516 0.966667 0.066406 0.066667
2 0.416016 0.966667 0.066406 0.066667
2 0.478516 0.966667 0.066406 0.066667
2 0.541016 0.966667 0.066406 0.066667
2 0.603516 0.966667 0.066406 0.066667
2 0.666016 0.966667 0.066406 0.066667
2 0.728516 0.966667 0.066406 0.066667
2 0.791016 0.966667 0.066406 0.066667
2 0.853516 0.966667 0.066406 0.066667
2 0.916016 0.966667 0.066406 0.066667
2 0.601562 0.566667 0.062500 0.066667
2 0.539062 0.633333 0.062500 0.066667
2 0.601562 0.633333 0.062500 0.066667
2 0.539062 0.700000 0.062500 0.066667
2 0.601562 0.700000 0.062500 0.066667
2 0.476562 0.766667 0.062500 0.066667
2 0.539062 0.766667 0.062500 0.066667
2 0.601562 0.766667 0.062500 0.066667
2 0.351562 0.833333 0.062500 0.066667
2 0.414062 0.833333 0.062500 0.066667
2 0.476562 0.833333 0.062500 0.066667
2 0.539062 0.833333 0.062500 0.066667
2 0.601562 0.833333 0.062500 0.066667
1 0.375000 0.704167 0.062500 0.066667
2 0.476562 0.700000 0.062500 0.066667
2 0.916016 0.366667 0.066406 0.066667
2 0.041016 0.633333 0.066406 0.066667
2 0.103516 0.633333 0.066406 0.066667
2 0.158203 0.633333 0.066406 0.066667
2 0.414062 0.766667 0.062500 0.066667