2 0.080078 0.900000 0.066406 0.066667
2 0.142578 0.900000 0.066406 0.066667
2 0.205078 0.900000 0.066406 0.066667
2 0.267578 0.900000 0.066406 0.066667
2 0.330078 0.900000 0.066406 0.066667
2 0.392578 0.900000 0.066406 0.066667
2 0.455078 0.900000 0.066406 0.066667
2 0.517578 0.900000 0.066406 0.066667
2 0.580078 0.900000 0.066406 0.066667
2 0.642578 0.900000 0.066406 0.066667
2 0.705078 0.900000 0.066406 0.066667
2 0.767578 0.900000 0.066406 0.066667
2 0.830078 0.900000 0.066406 0.066667
2 0.892578 0.900000 0.066406 0.066667
2 0.955078 0.900000 0.066406 0.066667
2 0.080078 0.966667 0.066406 0.066667
2 0.142578 0.966667 0.066406 0.066667
2 0.205078 0.966667 0.066406 0.066667
2 0.267578 0.966667 0.066406 0.066667
2 0.330078 0.966667 0.066406 0.066667
2 0.392578 0.966667 0.066406 0.066667
2 0.455078 0.966667 0.066406 0.066667
2 0.517578 0.966667 0.066406 0.066667
2 0.580078 0.966667 0.066406 0.066667
2 0.642578 0.966667 0.066406 0.066667
2 0.705078 0.966667 0.066406 0.066667
2 0.767578 0.966667 0.066406 0.066667
2 0.830078 0.966667 0.066406 0.066667
2 0.892578 0.966667 0.066406 0.066667
2 0.955078 0.966667 0.066406 0.066667
4 0.359375 0.825000 0.062500 0.066667