1 0.109375 0.837500 0.062500 0.066667
2 0.212891 0.900000 0.066406 0.066667
2 0.275391 0.900000 0.066406 0.066667
2 0.337891 0.900000 0.066406 0.066667
2 0.400391 0.900000 0.066406 0.066667
2 0.462891 0.900000 0.066406 0.066667
2 0.525391 0.900000 0.066406 0.066667
2 0.587891 0.900000 0.066406 0.066667
2 0.650391 0.900000 0.066406 0.066667
2 0.712891 0.900000 0.066406 0.066667
2 0.775391 0.900000 0.066406 0.066667
2 0.837891 0.900000 0.066406 0.066667
2 0.900391 0.900000 0.066406 0.066667
2 0.962891 0.900000 0.066406 0.066667
2 0.087891 0.966667 0.066406 0.066667
2 0.150391 0.966667 0.066406 0.066667
2 0.212891 0.966667 0.066406 0.066667
2 0.275391 0.966667 0.066406 0.066667
2 0.337891 0.966667 0.066406 0.066667
2 0.400391 0.966667 0.066406 0.066667
2 0.462891 0.966667 0.066406 0.066667
2 0.525391 0.966667 0.066406 0.066667
2 0.587891 0.966667 0.066406 0.066667
2 0.650391 0.966667 0.066406 0.066667
2 0.712891 0.966667 0.066406 0.066667
2 0.775391 0.966667 0.066406 0.066667
2 0.837891 0.966667 0.066406 0.066667
2 0.900391 0.966667 0.066406 0.066667
2 0.962891 0.966667 0.066406 0.066667
4 0.568359 0.572917 0.050781 0.062500
5 0.492188 0.700000 0.125000 0.200000
2 0.087891 0.900000 0.066406 0.066667
2 0.150391 0.900000 0.066406 0.066667