2 0.044922 0.900000 0.066406 0.066667
2 0.107422 0.900000 0.066406 0.066667
2 0.169922 0.900000 0.066406 0.066667
2 0.232422 0.900000 0.066406 0.066667
2 0.294922 0.900000 0.066406 0.066667
2 0.357422 0.900000 0.066406 0.066667
2 0.419922 0.900000 0.066406 0.066667
2 0.857422 0.900000 0.066406 0.066667
2 0.919922 0.900000 0.066406 0.066667
2 0.044922 0.966667 0.066406 0.066667
2 0.107422 0.966667 0.066406 0.066667
2 0.169922 0.966667 0.066406 0.066667
2 0.232422 0.966667 0.066406 0.066667
2 0.294922 0.966667 0.066406 0.066667
2 0.357422 0.966667 0.066406 0.066667
2 0.419922 0.966667 0.066406 0.066667
2 0.482422 0.966667 0.066406 0.066667
2 0.857422 0.966667 0.066406 0.066667
2 0.919922 0.966667 0.066406 0.066667
2 0.482422 0.900000 0.066406 0.066667
2 0.544922 0.900000 0.066406 0.066667
2 0.544922 0.966667 0.066406 0.066667