2 0.439453 0.364583 0.058594 0.062500
2 0.439453 0.631250 0.058594 0.062500
2 0.068359 0.900000 0.066406 0.066667
2 0.130859 0.900000 0.066406 0.066667
2 0.193359 0.900000 0.066406 0.066667
2 0.255859 0.900000 0.066406 0.066667
2 0.318359 0.900000 0.066406 0.066667
2 0.380859 0.900000 0.066406 0.066667
2 0.568359 0.900000 0.066406 0.066667
2 0.630859 0.900000 0.066406 0.066667
2 0.693359 0.900000 0.066406 0.066667
2 0.755859 0.900000 0.066406 0.066667
2 0.068359 0.966667 0.066406 0.066667
2 0.130859 0.966667 0.066406 0.066667
2 0.193359 0.966667 0.066406 0.066667
2 0.255859 0.966667 0.066406 0.066667
2 0.318359 0.966667 0.066406 0.066667
2 0.380859 0.966667 0.066406 0.066667
2 0.443359 0.966667 0.066406 0.066667
2 0.505859 0.966667 0.066406 0.066667
2 0.568359 0.966667 0.066406 0.066667
2 0.630859 0.966667 0.066406 0.066667
2 0.693359 0.966667 0.066406 0.066667
2 0.755859 0.966667 0.066406 0.066667
5 0.222656 0.766667 0.125000 0.200000
2 0.443359 0.900000 0.066406 0.066667
2 0.505859 0.900000 0.066406 0.066667
2 0.818359 0.900000 0.066406 0.066667
2 0.818359 0.966667 0.066406 0.066667