2 0.064453 0.900000 0.066406 0.066667
2 0.126953 0.900000 0.066406 0.066667
2 0.189453 0.900000 0.066406 0.066667
2 0.251953 0.900000 0.066406 0.066667
2 0.314453 0.900000 0.066406 0.066667
2 0.376953 0.900000 0.066406 0.066667
2 0.439453 0.900000 0.066406 0.066667
2 0.501953 0.900000 0.066406 0.066667
2 0.564453 0.900000 0.066406 0.066667
2 0.626953 0.900000 0.066406 0.066667
2 0.689453 0.900000 0.066406 0.066667
2 0.751953 0.900000 0.066406 0.066667
2 0.064453 0.966667 0.066406 0.066667
2 0.126953 0.966667 0.066406 0.066667
2 0.189453 0.966667 0.066406 0.066667
2 0.251953 0.966667 0.066406 0.066667
2 0.314453 0.966667 0.066406 0.066667
2 0.376953 0.966667 0.066406 0.066667
2 0.439453 0.966667 0.066406 0.066667
2 0.501953 0.966667 0.066406 0.066667
2 0.564453 0.966667 0.066406 0.066667
2 0.626953 0.966667 0.066406 0.066667
2 0.689453 0.966667 0.066406 0.066667
2 0.751953 0.966667 0.066406 0.066667
2 0.814453 0.966667 0.066406 0.066667
2 0.876953 0.966667 0.066406 0.066667
2 0.939453 0.966667 0.066406 0.066667
2 0.500000 0.566667 0.062500 0.066667
2 0.437500 0.633333 0.062500 0.066667
2 0.500000 0.633333 0.062500 0.066667
2 0.375000 0.700000 0.062500 0.066667
2 0.437500 0.700000 0.062500 0.066667
2 0.500000 0.700000 0.062500 0.066667
2 0.312500 0.766667 0.062500 0.066667
2 0.375000 0.766667 0.062500 0.066667
2 0.437500 0.766667 0.062500 0.066667
2 0.500000 0.766667 0.062500 0.066667
2 0.250000 0.833333 0.062500 0.066667
2 0.312500 0.833333 0.062500 0.066667
2 0.375000 0.833333 0.062500 0.066667
2 0.437500 0.833333 0.062500 0.066667
2 0.500000 0.833333 0.062500 0.066667
4 0.527344 0.441667 0.062500 0.066667
2 0.814453 0.900000 0.066406 0.066667
2 0.876953 0.900000 0.066406 0.066667
2 0.939453 0.900000 0.066406 0.066667
2 0.814453 0.366667 0.066406 0.066667
2 0.876953 0.366667 0.066406 0.066667
2 0.033203 0.633333 0.066406 0.066667
2 0.931641 0.366667 0.066406 0.066667