2 0.048828 0.900000 0.066406 0.066667
2 0.111328 0.900000 0.066406 0.066667
2 0.173828 0.900000 0.066406 0.066667
2 0.236328 0.900000 0.066406 0.066667
2 0.298828 0.900000 0.066406 0.066667
2 0.361328 0.900000 0.066406 0.066667
2 0.423828 0.900000 0.066406 0.066667
2 0.486328 0.900000 0.066406 0.066667
2 0.548828 0.900000 0.066406 0.066667
2 0.611328 0.900000 0.066406 0.066667
2 0.673828 0.900000 0.066406 0.066667
2 0.736328 0.900000 0.066406 0.066667
2 0.798828 0.900000 0.066406 0.066667
2 0.861328 0.900000 0.066406 0.066667
2 0.923828 0.900000 0.066406 0.066667
2 0.048828 0.966667 0.066406 0.066667
2 0.111328 0.966667 0.066406 0.066667
2 0.173828 0.966667 0.066406 0.066667
2 0.236328 0.966667 0.066406 0.066667
2 0.298828 0.966667 0.066406 0.066667
2 0.361328 0.966667 0.066406 0.066667
2 0.423828 0.966667 0.066406 0.066667
2 0.486328 0.966667 0.066406 0.066667
2 0.548828 0.966667 0.066406 0.066667
2 0.611328 0.966667 0.066406 0.066667
2 0.673828 0.966667 0.066406 0.066667
2 0.736328 0.966667 0.066406 0.066667
2 0.798828 0.966667 0.066406 0.066667
2 0.861328 0.966667 0.066406 0.066667
2 0.923828 0.966667 0.066406 0.066667
2 0.609375 0.566667 0.062500 0.066667
2 0.546875 0.633333 0.062500 0.066667
2 0.609375 0.633333 0.062500 0.066667
2 0.546875 0.700000 0.062500 0.066667
2 0.609375 0.700000 0.062500 0.066667
2 0.484375 0.766667 0.062500 0.066667
2 0.546875 0.766667 0.062500 0.066667
2 0.609375 0.766667 0.062500 0.066667
2 0.359375 0.833333 0.062500 0.066667
2 0.421875 0.833333 0.062500 0.066667
2 0.484375 0.833333 0.062500 0.066667
2 0.546875 0.833333 0.062500 0.066667
2 0.609375 0.833333 0.062500 0.066667
4 0.482422 0.637500 0.058594 0.066667
1 0.382812 0.704167 0.062500 0.066667
2 0.484375 0.700000 0.062500 0.066667
2 0.923828 0.366667 0.066406 0.066667
2 0.048828 0.633333 0.066406 0.066667
2 0.111328 0.633333 0.066406 0.066667
2 0.166016 0.633333 0.066406 0.066667
2 0.421875 0.766667 0.062500 0.066667