1 0.195312 0.837500 0.062500 0.066667
2 0.072266 0.900000 0.066406 0.066667
2 0.134766 0.900000 0.066406 0.066667
2 0.259766 0.900000 0.066406 0.066667
2 0.322266 0.900000 0.066406 0.066667
2 0.384766 0.900000 0.066406 0.066667
2 0.447266 0.900000 0.066406 0.066667
2 0.509766 0.900000 0.066406 0.066667
2 0.572266 0.900000 0.066406 0.066667
2 0.634766 0.900000 0.066406 0.066667
2 0.697266 0.900000 0.066406 0.066667
2 0.759766 0.900000 0.066406 0.066667
2 0.072266 0.966667 0.066406 0.066667
2 0.134766 0.966667 0.066406 0.066667
2 0.197266 0.966667 0.066406 0.066667
2 0.259766 0.966667 0.066406 0.066667
2 0.322266 0.966667 0.066406 0.066667
2 0.384766 0.966667 0.066406 0.066667
2 0.447266 0.966667 0.066406 0.066667
2 0.509766 0.966667 0.066406 0.066667
2 0.572266 0.966667 0.066406 0.066667
2 0.634766 0.966667 0.066406 0.066667
2 0.697266 0.966667 0.066406 0.066667
2 0.759766 0.966667 0.066406 0.066667
2 0.822266 0.966667 0.066406 0.066667
2 0.884766 0.966667 0.066406 0.066667
2 0.947266 0.966667 0.066406 0.066667
2 0.507812 0.566667 0.062500 0.066667
2 0.445312 0.633333 0.062500 0.066667
2 0.507812 0.633333 0.062500 0.066667
2 0.382812 0.700000 0.062500 0.066667
2 0.445312 0.700000 0.062500 0.066667
2 0.507812 0.700000 0.062500 0.066667
2 0.320312 0.766667 0.062500 0.066667
2 0.382812 0.766667 0.062500 0.066667
2 0.445312 0.766667 0.062500 0.066667
2 0.507812 0.766667 0.062500 0.066667
2 0.257812 0.833333 0.062500 0.066667
2 0.320312 0.833333 0.062500 0.066667
2 0.382812 0.833333 0.062500 0.066667
2 0.445312 0.833333 0.062500 0.066667
2 0.507812 0.833333 0.062500 0.066667
3 0.859375 0.822917 0.062500 0.095833
3 0.945312 0.822917 0.062500 0.095833
4 0.515625 0.387500 0.062500 0.066667
2 0.822266 0.900000 0.066406 0.066667
2 0.947266 0.900000 0.066406 0.066667
2 0.884766 0.900000 0.066406 0.066667
2 0.822266 0.366667 0.066406 0.066667
2 0.884766 0.366667 0.066406 0.066667
2 0.041016 0.633333 0.066406 0.066667
2 0.939453 0.366667 0.066406 0.066667
2 0.197266 0.900000 0.066406 0.066667