2 0.052734 0.900000 0.066406 0.066667
2 0.115234 0.900000 0.066406 0.066667
2 0.177734 0.900000 0.066406 0.066667
2 0.240234 0.900000 0.066406 0.066667
2 0.302734 0.900000 0.066406 0.066667
2 0.365234 0.900000 0.066406 0.066667
2 0.427734 0.900000 0.066406 0.066667
2 0.552734 0.900000 0.066406 0.066667
2 0.052734 0.966667 0.066406 0.066667
2 0.115234 0.966667 0.066406 0.066667
2 0.177734 0.966667 0.066406 0.066667
2 0.240234 0.966667 0.066406 0.066667
2 0.302734 0.966667 0.066406 0.066667
2 0.365234 0.966667 0.066406 0.066667
2 0.427734 0.966667 0.066406 0.066667
2 0.490234 0.966667 0.066406 0.066667
2 0.552734 0.966667 0.066406 0.066667
4 0.470703 0.839583 0.050781 0.062500
2 0.490234 0.900000 0.066406 0.066667
2 0.615234 0.900000 0.066406 0.066667
2 0.615234 0.966667 0.066406 0.066667