2 0.132812 0.566667 0.062500 0.066667
2 0.072266 0.900000 0.066406 0.066667
2 0.134766 0.900000 0.066406 0.066667
2 0.197266 0.900000 0.066406 0.066667
2 0.259766 0.900000 0.066406 0.066667
2 0.322266 0.900000 0.066406 0.066667
2 0.384766 0.900000 0.066406 0.066667
2 0.509766 0.900000 0.066406 0.066667
2 0.572266 0.900000 0.066406 0.066667
2 0.634766 0.900000 0.066406 0.066667
2 0.697266 0.900000 0.066406 0.066667
2 0.759766 0.900000 0.066406 0.066667
2 0.822266 0.900000 0.066406 0.066667
2 0.884766 0.900000 0.066406 0.066667
2 0.947266 0.900000 0.066406 0.066667
2 0.072266 0.966667 0.066406 0.066667
2 0.134766 0.966667 0.066406 0.066667
2 0.197266 0.966667 0.066406 0.066667
2 0.259766 0.966667 0.066406 0.066667
2 0.322266 0.966667 0.066406 0.066667
2 0.384766 0.966667 0.066406 0.066667
2 0.447266 0.966667 0.066406 0.066667
2 0.509766 0.966667 0.066406 0.066667
2 0.572266 0.966667 0.066406 0.066667
2 0.634766 0.966667 0.066406 0.066667
2 0.697266 0.966667 0.066406 0.066667
2 0.759766 0.966667 0.066406 0.066667
2 0.822266 0.966667 0.066406 0.066667
2 0.884766 0.966667 0.066406 0.066667
2 0.947266 0.966667 0.066406 0.066667
3 0.128906 0.681250 0.062500 0.095833
3 0.355469 0.760417 0.062500 0.095833
2 0.447266 0.900000 0.066406 0.066667
2 0.384766 0.633333 0.066406 0.066667
2 0.447266 0.633333 0.066406 0.066667
2 0.501953 0.633333 0.066406 0.066667