2 0.177734 0.900000 0.066406 0.066667
2 0.240234 0.900000 0.066406 0.066667
2 0.302734 0.900000 0.066406 0.066667
2 0.365234 0.900000 0.066406 0.066667
2 0.427734 0.900000 0.066406 0.066667
2 0.490234 0.900000 0.066406 0.066667
2 0.552734 0.900000 0.066406 0.066667
2 0.615234 0.900000 0.066406 0.066667
2 0.677734 0.900000 0.066406 0.066667
2 0.927734 0.900000 0.066406 0.066667
2 0.052734 0.966667 0.066406 0.066667
2 0.115234 0.966667 0.066406 0.066667
2 0.177734 0.966667 0.066406 0.066667
2 0.240234 0.966667 0.066406 0.066667
2 0.302734 0.966667 0.066406 0.066667
2 0.365234 0.966667 0.066406 0.066667
2 0.427734 0.966667 0.066406 0.066667
2 0.490234 0.966667 0.066406 0.066667
2 0.552734 0.966667 0.066406 0.066667
2 0.615234 0.966667 0.066406 0.066667
2 0.677734 0.966667 0.066406 0.066667
2 0.740234 0.966667 0.066406 0.066667
2 0.802734 0.966667 0.066406 0.066667
2 0.865234 0.966667 0.066406 0.066667
2 0.927734 0.966667 0.066406 0.066667
2 0.425781 0.566667 0.062500 0.066667
2 0.363281 0.633333 0.062500 0.066667
2 0.425781 0.633333 0.062500 0.066667
2 0.300781 0.700000 0.062500 0.066667
2 0.363281 0.700000 0.062500 0.066667
2 0.425781 0.700000 0.062500 0.066667
2 0.238281 0.766667 0.062500 0.066667
2 0.300781 0.766667 0.062500 0.066667
2 0.363281 0.766667 0.062500 0.066667
2 0.425781 0.766667 0.062500 0.066667
2 0.175781 0.833333 0.062500 0.066667
2 0.238281 0.833333 0.062500 0.066667
2 0.300781 0.833333 0.062500 0.066667
2 0.363281 0.833333 0.062500 0.066667
2 0.425781 0.833333 0.062500 0.066667
4 0.515625 0.616667 0.062500 0.066667
2 0.802734 0.900000 0.066406 0.066667
2 0.865234 0.900000 0.066406 0.066667
1 0.082031 0.837500 0.062500 0.066667
2 0.740234 0.900000 0.066406 0.066667
2 0.740234 0.366667 0.066406 0.066667
2 0.802734 0.366667 0.066406 0.066667
2 0.857422 0.366667 0.066406 0.066667
2 0.052734 0.900000 0.066406 0.066667
2 0.115234 0.900000 0.066406 0.066667