2 0.417969 0.633333 0.070312 0.066667
2 0.416016 0.364583 0.058594 0.062500
2 0.041016 0.631250 0.058594 0.062500
2 0.353516 0.631250 0.058594 0.062500
2 0.478516 0.631250 0.058594 0.062500
2 0.294922 0.633333 0.066406 0.066667
2 0.044922 0.900000 0.066406 0.066667
2 0.107422 0.900000 0.066406 0.066667
2 0.169922 0.900000 0.066406 0.066667
2 0.357422 0.900000 0.066406 0.066667
2 0.419922 0.900000 0.066406 0.066667
2 0.544922 0.900000 0.066406 0.066667
2 0.607422 0.900000 0.066406 0.066667
2 0.669922 0.900000 0.066406 0.066667
2 0.732422 0.900000 0.066406 0.066667
2 0.794922 0.900000 0.066406 0.066667
2 0.857422 0.900000 0.066406 0.066667
2 0.919922 0.900000 0.066406 0.066667
2 0.044922 0.966667 0.066406 0.066667
2 0.107422 0.966667 0.066406 0.066667
2 0.169922 0.966667 0.066406 0.066667
2 0.232422 0.966667 0.066406 0.066667
2 0.294922 0.966667 0.066406 0.066667
2 0.357422 0.966667 0.066406 0.066667
2 0.419922 0.966667 0.066406 0.066667
2 0.482422 0.966667 0.066406 0.066667
2 0.544922 0.966667 0.066406 0.066667
2 0.607422 0.966667 0.066406 0.066667
2 0.669922 0.966667 0.066406 0.066667
2 0.732422 0.966667 0.066406 0.066667
2 0.794922 0.966667 0.066406 0.066667
2 0.857422 0.966667 0.066406 0.066667
2 0.919922 0.966667 0.066406 0.066667
5 0.824219 0.800000 0.125000 0.133333
2 0.232422 0.900000 0.066406 0.066667
2 0.482422 0.900000 0.066406 0.066667
2 0.537109 0.633333 0.066406 0.066667
2 0.294922 0.900000 0.066406 0.066667