2 0.207031 0.633333 0.070312 0.066667
2 0.207031 0.366667 0.062500 0.066667
2 0.144531 0.633333 0.062500 0.066667
2 0.269531 0.633333 0.062500 0.066667
2 0.083984 0.633333 0.066406 0.066667
2 0.083984 0.900000 0.066406 0.066667
2 0.146484 0.900000 0.066406 0.066667
2 0.208984 0.900000 0.066406 0.066667
2 0.271484 0.900000 0.066406 0.066667
2 0.333984 0.900000 0.066406 0.066667
2 0.396484 0.900000 0.066406 0.066667
2 0.521484 0.900000 0.066406 0.066667
2 0.583984 0.900000 0.066406 0.066667
2 0.646484 0.900000 0.066406 0.066667
2 0.708984 0.900000 0.066406 0.066667
2 0.771484 0.900000 0.066406 0.066667
2 0.833984 0.900000 0.066406 0.066667
2 0.896484 0.900000 0.066406 0.066667
2 0.958984 0.900000 0.066406 0.066667
2 0.083984 0.966667 0.066406 0.066667
2 0.146484 0.966667 0.066406 0.066667
2 0.208984 0.966667 0.066406 0.066667
2 0.271484 0.966667 0.066406 0.066667
2 0.333984 0.966667 0.066406 0.066667
2 0.396484 0.966667 0.066406 0.066667
2 0.458984 0.966667 0.066406 0.066667
2 0.521484 0.966667 0.066406 0.066667
2 0.583984 0.966667 0.066406 0.066667
2 0.646484 0.966667 0.066406 0.066667
2 0.708984 0.966667 0.066406 0.066667
2 0.771484 0.966667 0.066406 0.066667
2 0.833984 0.966667 0.066406 0.066667
2 0.896484 0.966667 0.066406 0.066667
2 0.958984 0.966667 0.066406 0.066667
5 0.613281 0.800000 0.125000 0.133333
2 0.458984 0.900000 0.066406 0.066667
2 0.326172 0.633333 0.066406 0.066667