2 0.056641 0.900000 0.066406 0.066667
2 0.119141 0.900000 0.066406 0.066667
2 0.181641 0.900000 0.066406 0.066667
2 0.244141 0.900000 0.066406 0.066667
2 0.306641 0.900000 0.066406 0.066667
2 0.369141 0.900000 0.066406 0.066667
2 0.431641 0.900000 0.066406 0.066667
2 0.744141 0.900000 0.066406 0.066667
2 0.806641 0.900000 0.066406 0.066667
2 0.869141 0.900000 0.066406 0.066667
2 0.931641 0.900000 0.066406 0.066667
2 0.056641 0.966667 0.066406 0.066667
2 0.119141 0.966667 0.066406 0.066667
2 0.181641 0.966667 0.066406 0.066667
2 0.244141 0.966667 0.066406 0.066667
2 0.306641 0.966667 0.066406 0.066667
2 0.369141 0.966667 0.066406 0.066667
2 0.431641 0.966667 0.066406 0.066667
2 0.494141 0.966667 0.066406 0.066667
2 0.556641 0.966667 0.066406 0.066667
2 0.619141 0.966667 0.066406 0.066667
2 0.681641 0.966667 0.066406 0.066667
2 0.744141 0.966667 0.066406 0.066667
2 0.806641 0.966667 0.066406 0.066667
2 0.869141 0.966667 0.066406 0.066667
2 0.931641 0.966667 0.066406 0.066667
2 0.304688 0.566667 0.062500 0.066667
2 0.242188 0.633333 0.062500 0.066667
2 0.304688 0.633333 0.062500 0.066667
2 0.929688 0.633333 0.062500 0.066667
2 0.179688 0.700000 0.062500 0.066667
2 0.242188 0.700000 0.062500 0.066667
2 0.304688 0.700000 0.062500 0.066667
2 0.929688 0.700000 0.062500 0.066667
2 0.117188 0.766667 0.062500 0.066667
2 0.179688 0.766667 0.062500 0.066667
2 0.242188 0.766667 0.062500 0.066667
2 0.304688 0.766667 0.062500 0.066667
2 0.929688 0.766667 0.062500 0.066667
2 0.054688 0.833333 0.062500 0.066667
2 0.117188 0.833333 0.062500 0.066667
2 0.179688 0.833333 0.062500 0.066667
2 0.242188 0.833333 0.062500 0.066667
2 0.304688 0.833333 0.062500 0.066667
2 0.929688 0.833333 0.062500 0.066667
2 0.556641 0.900000 0.066406 0.066667
2 0.619141 0.900000 0.066406 0.066667
2 0.681641 0.900000 0.066406 0.066667
2 0.494141 0.900000 0.066406 0.066667
2 0.619141 0.366667 0.066406 0.066667
2 0.681641 0.366667 0.066406 0.066667
2 0.736328 0.366667 0.066406 0.066667