2 0.371094 0.366667 0.062500 0.066667
2 0.371094 0.633333 0.062500 0.066667
2 0.060547 0.900000 0.066406 0.066667
2 0.123047 0.900000 0.066406 0.066667
2 0.185547 0.900000 0.066406 0.066667
2 0.248047 0.900000 0.066406 0.066667
2 0.310547 0.900000 0.066406 0.066667
2 0.373047 0.900000 0.066406 0.066667
2 0.435547 0.900000 0.066406 0.066667
2 0.560547 0.900000 0.066406 0.066667
2 0.623047 0.900000 0.066406 0.066667
2 0.935547 0.900000 0.066406 0.066667
2 0.060547 0.966667 0.066406 0.066667
2 0.123047 0.966667 0.066406 0.066667
2 0.185547 0.966667 0.066406 0.066667
2 0.248047 0.966667 0.066406 0.066667
2 0.310547 0.966667 0.066406 0.066667
2 0.373047 0.966667 0.066406 0.066667
2 0.435547 0.966667 0.066406 0.066667
2 0.498047 0.966667 0.066406 0.066667
2 0.560547 0.966667 0.066406 0.066667
2 0.623047 0.966667 0.066406 0.066667
2 0.685547 0.966667 0.066406 0.066667
2 0.935547 0.966667 0.066406 0.066667
5 0.152344 0.766667 0.125000 0.200000
2 0.685547 0.900000 0.066406 0.066667
2 0.498047 0.900000 0.066406 0.066667
2 0.748047 0.900000 0.066406 0.066667
2 0.748047 0.966667 0.066406 0.066667