1 0.273438 0.837500 0.062500 0.066667
2 0.437500 0.366667 0.062500 0.066667
2 0.062500 0.633333 0.062500 0.066667
2 0.375000 0.633333 0.062500 0.066667
2 0.500000 0.633333 0.062500 0.066667
2 0.314453 0.633333 0.066406 0.066667
2 0.064453 0.900000 0.066406 0.066667
2 0.126953 0.900000 0.066406 0.066667
2 0.189453 0.900000 0.066406 0.066667
2 0.376953 0.900000 0.066406 0.066667
2 0.439453 0.900000 0.066406 0.066667
2 0.501953 0.900000 0.066406 0.066667
2 0.564453 0.900000 0.066406 0.066667
2 0.626953 0.900000 0.066406 0.066667
2 0.689453 0.900000 0.066406 0.066667
2 0.751953 0.900000 0.066406 0.066667
2 0.814453 0.900000 0.066406 0.066667
2 0.876953 0.900000 0.066406 0.066667
2 0.939453 0.900000 0.066406 0.066667
2 0.064453 0.966667 0.066406 0.066667
2 0.126953 0.966667 0.066406 0.066667
2 0.189453 0.966667 0.066406 0.066667
2 0.251953 0.966667 0.066406 0.066667
2 0.314453 0.966667 0.066406 0.066667
2 0.376953 0.966667 0.066406 0.066667
2 0.439453 0.966667 0.066406 0.066667
2 0.501953 0.966667 0.066406 0.066667
2 0.564453 0.966667 0.066406 0.066667
2 0.626953 0.966667 0.066406 0.066667
2 0.689453 0.966667 0.066406 0.066667
2 0.751953 0.966667 0.066406 0.066667
2 0.814453 0.966667 0.066406 0.066667
2 0.876953 0.966667 0.066406 0.066667
2 0.939453 0.966667 0.066406 0.066667
4 0.466797 0.570833 0.058594 0.066667
5 0.843750 0.800000 0.125000 0.133333
2 0.437500 0.633333 0.070312 0.066667
2 0.314453 0.900000 0.066406 0.066667
2 0.251953 0.900000 0.066406 0.066667
2 0.556641 0.633333 0.066406 0.066667