1 0.359375 0.837500 0.062500 0.066667
2 0.507812 0.633333 0.070312 0.066667
2 0.505859 0.364583 0.058594 0.062500
2 0.130859 0.631250 0.058594 0.062500
2 0.443359 0.631250 0.058594 0.062500
2 0.568359 0.631250 0.058594 0.062500
2 0.384766 0.633333 0.066406 0.066667
2 0.072266 0.900000 0.066406 0.066667
2 0.134766 0.900000 0.066406 0.066667
2 0.197266 0.900000 0.066406 0.066667
2 0.259766 0.900000 0.066406 0.066667
2 0.447266 0.900000 0.066406 0.066667
2 0.509766 0.900000 0.066406 0.066667
2 0.572266 0.900000 0.066406 0.066667
2 0.634766 0.900000 0.066406 0.066667
2 0.697266 0.900000 0.066406 0.066667
2 0.759766 0.900000 0.066406 0.066667
2 0.822266 0.900000 0.066406 0.066667
2 0.884766 0.900000 0.066406 0.066667
2 0.947266 0.900000 0.066406 0.066667
2 0.072266 0.966667 0.066406 0.066667
2 0.134766 0.966667 0.066406 0.066667
2 0.197266 0.966667 0.066406 0.066667
2 0.259766 0.966667 0.066406 0.066667
2 0.322266 0.966667 0.066406 0.066667
2 0.384766 0.966667 0.066406 0.066667
2 0.447266 0.966667 0.066406 0.066667
2 0.509766 0.966667 0.066406 0.066667
2 0.572266 0.966667 0.066406 0.066667
2 0.634766 0.966667 0.066406 0.066667
2 0.697266 0.966667 0.066406 0.066667
2 0.759766 0.966667 0.066406 0.066667
2 0.822266 0.966667 0.066406 0.066667
2 0.884766 0.966667 0.066406 0.066667
2 0.947266 0.966667 0.066406 0.066667
4 0.468750 0.504167 0.062500 0.066667
5 0.914062 0.800000 0.125000 0.133333
2 0.322266 0.900000 0.066406 0.066667
2 0.626953 0.633333 0.066406 0.066667
2 0.384766 0.900000 0.066406 0.066667