1 0.648438 0.837500 0.062500 0.066667
2 0.208984 0.900000 0.066406 0.066667
2 0.271484 0.900000 0.066406 0.066667
2 0.333984 0.900000 0.066406 0.066667
2 0.396484 0.900000 0.066406 0.066667
2 0.708984 0.900000 0.066406 0.066667
2 0.771484 0.900000 0.066406 0.066667
2 0.833984 0.900000 0.066406 0.066667
2 0.896484 0.900000 0.066406 0.066667
2 0.958984 0.900000 0.066406 0.066667
2 0.083984 0.966667 0.066406 0.066667
2 0.146484 0.966667 0.066406 0.066667
2 0.208984 0.966667 0.066406 0.066667
2 0.271484 0.966667 0.066406 0.066667
2 0.333984 0.966667 0.066406 0.066667
2 0.396484 0.966667 0.066406 0.066667
2 0.458984 0.966667 0.066406 0.066667
2 0.521484 0.966667 0.066406 0.066667
2 0.583984 0.966667 0.066406 0.066667
2 0.646484 0.966667 0.066406 0.066667
2 0.708984 0.966667 0.066406 0.066667
2 0.771484 0.966667 0.066406 0.066667
2 0.833984 0.966667 0.066406 0.066667
2 0.896484 0.966667 0.066406 0.066667
2 0.958984 0.966667 0.066406 0.066667
3 0.101562 0.822917 0.062500 0.095833
4 0.468750 0.566667 0.062500 0.066667
2 0.146484 0.900000 0.066406 0.066667
1 0.554688 0.837500 0.062500 0.066667
1 0.464844 0.837500 0.062500 0.066667
2 0.083984 0.900000 0.066406 0.066667
2 0.583984 0.900000 0.066406 0.066667
2 0.521484 0.900000 0.066406 0.066667