2 0.076172 0.900000 0.066406 0.066667
2 0.138672 0.900000 0.066406 0.066667
2 0.201172 0.900000 0.066406 0.066667
2 0.263672 0.900000 0.066406 0.066667
2 0.326172 0.900000 0.066406 0.066667
2 0.388672 0.900000 0.066406 0.066667
2 0.451172 0.900000 0.066406 0.066667
2 0.513672 0.900000 0.066406 0.066667
2 0.076172 0.966667 0.066406 0.066667
2 0.138672 0.966667 0.066406 0.066667
2 0.201172 0.966667 0.066406 0.066667
2 0.263672 0.966667 0.066406 0.066667
2 0.326172 0.966667 0.066406 0.066667
2 0.388672 0.966667 0.066406 0.066667
2 0.451172 0.966667 0.066406 0.066667
2 0.513672 0.966667 0.066406 0.066667
2 0.886719 0.633333 0.062500 0.066667
2 0.949219 0.633333 0.062500 0.066667
2 0.699219 0.700000 0.062500 0.066667
2 0.761719 0.700000 0.062500 0.066667
2 0.824219 0.700000 0.062500 0.066667
2 0.886719 0.700000 0.062500 0.066667
2 0.574219 0.766667 0.062500 0.066667
2 0.636719 0.766667 0.062500 0.066667
2 0.699219 0.766667 0.062500 0.066667
2 0.761719 0.766667 0.062500 0.066667
2 0.324219 0.833333 0.062500 0.066667
2 0.386719 0.833333 0.062500 0.066667
2 0.511719 0.833333 0.062500 0.066667
2 0.574219 0.833333 0.062500 0.066667
2 0.636719 0.833333 0.062500 0.066667
4 0.455078 0.770833 0.058594 0.066667
2 0.511719 0.766667 0.062500 0.066667
2 0.449219 0.833333 0.062500 0.066667
2 0.951172 0.366667 0.066406 0.066667