2 0.037109 0.900000 0.066406 0.066667
2 0.099609 0.900000 0.066406 0.066667
2 0.162109 0.900000 0.066406 0.066667
2 0.224609 0.900000 0.066406 0.066667
2 0.287109 0.900000 0.066406 0.066667
2 0.349609 0.900000 0.066406 0.066667
2 0.412109 0.900000 0.066406 0.066667
2 0.037109 0.966667 0.066406 0.066667
2 0.099609 0.966667 0.066406 0.066667
2 0.162109 0.966667 0.066406 0.066667
2 0.224609 0.966667 0.066406 0.066667
2 0.287109 0.966667 0.066406 0.066667
2 0.349609 0.966667 0.066406 0.066667
2 0.412109 0.966667 0.066406 0.066667
4 0.470703 0.839583 0.050781 0.062500
2 0.474609 0.966667 0.066406 0.066667
2 0.474609 0.900000 0.066406 0.066667