1 0.558594 0.837500 0.062500 0.066667
2 0.056641 0.900000 0.066406 0.066667
2 0.119141 0.900000 0.066406 0.066667
2 0.181641 0.900000 0.066406 0.066667
2 0.244141 0.900000 0.066406 0.066667
2 0.306641 0.900000 0.066406 0.066667
2 0.369141 0.900000 0.066406 0.066667
2 0.431641 0.900000 0.066406 0.066667
2 0.494141 0.900000 0.066406 0.066667
2 0.744141 0.900000 0.066406 0.066667
2 0.806641 0.900000 0.066406 0.066667
2 0.869141 0.900000 0.066406 0.066667
2 0.931641 0.900000 0.066406 0.066667
2 0.056641 0.966667 0.066406 0.066667
2 0.119141 0.966667 0.066406 0.066667
2 0.181641 0.966667 0.066406 0.066667
2 0.244141 0.966667 0.066406 0.066667
2 0.306641 0.966667 0.066406 0.066667
2 0.369141 0.966667 0.066406 0.066667
2 0.431641 0.966667 0.066406 0.066667
2 0.494141 0.966667 0.066406 0.066667
2 0.556641 0.966667 0.066406 0.066667
2 0.619141 0.966667 0.066406 0.066667
2 0.681641 0.966667 0.066406 0.066667
2 0.744141 0.966667 0.066406 0.066667
2 0.806641 0.966667 0.066406 0.066667
2 0.869141 0.966667 0.066406 0.066667
2 0.931641 0.966667 0.066406 0.066667
4 0.533203 0.570833 0.058594 0.066667
5 0.460938 0.700000 0.125000 0.200000
1 0.652344 0.835417 0.062500 0.062500
2 0.681641 0.900000 0.066406 0.066667
2 0.619141 0.900000 0.066406 0.066667