1 0.941406 0.837500 0.062500 0.066667
2 0.076172 0.900000 0.066406 0.066667
2 0.138672 0.900000 0.066406 0.066667
2 0.201172 0.900000 0.066406 0.066667
2 0.263672 0.900000 0.066406 0.066667
2 0.326172 0.900000 0.066406 0.066667
2 0.388672 0.900000 0.066406 0.066667
2 0.513672 0.900000 0.066406 0.066667
2 0.576172 0.900000 0.066406 0.066667
2 0.638672 0.900000 0.066406 0.066667
2 0.701172 0.900000 0.066406 0.066667
2 0.763672 0.900000 0.066406 0.066667
2 0.826172 0.900000 0.066406 0.066667
2 0.888672 0.900000 0.066406 0.066667
2 0.076172 0.966667 0.066406 0.066667
2 0.138672 0.966667 0.066406 0.066667
2 0.201172 0.966667 0.066406 0.066667
2 0.263672 0.966667 0.066406 0.066667
2 0.326172 0.966667 0.066406 0.066667
2 0.388672 0.966667 0.066406 0.066667
2 0.451172 0.966667 0.066406 0.066667
2 0.513672 0.966667 0.066406 0.066667
2 0.576172 0.966667 0.066406 0.066667
2 0.638672 0.966667 0.066406 0.066667
2 0.701172 0.966667 0.066406 0.066667
2 0.763672 0.966667 0.066406 0.066667
2 0.826172 0.966667 0.066406 0.066667
2 0.888672 0.966667 0.066406 0.066667
2 0.951172 0.966667 0.066406 0.066667
4 0.519531 0.766667 0.062500 0.066667
5 0.667969 0.700000 0.125000 0.200000
5 0.167969 0.766667 0.125000 0.200000
2 0.451172 0.900000 0.066406 0.066667
2 0.951172 0.900000 0.066406 0.066667