2 0.087891 0.900000 0.066406 0.066667
2 0.150391 0.900000 0.066406 0.066667
2 0.212891 0.900000 0.066406 0.066667
2 0.275391 0.900000 0.066406 0.066667
2 0.337891 0.900000 0.066406 0.066667
2 0.400391 0.900000 0.066406 0.066667
2 0.087891 0.966667 0.066406 0.066667
2 0.150391 0.966667 0.066406 0.066667
2 0.212891 0.966667 0.066406 0.066667
2 0.275391 0.966667 0.066406 0.066667
2 0.337891 0.966667 0.066406 0.066667
2 0.400391 0.966667 0.066406 0.066667
4 0.468750 0.804167 0.062500 0.066667
2 0.462891 0.900000 0.066406 0.066667
2 0.462891 0.966667 0.066406 0.066667