1 0.832031 0.835417 0.062500 0.062500
2 0.048828 0.900000 0.066406 0.066667
2 0.111328 0.900000 0.066406 0.066667
2 0.173828 0.900000 0.066406 0.066667
2 0.236328 0.900000 0.066406 0.066667
2 0.298828 0.900000 0.066406 0.066667
2 0.423828 0.900000 0.066406 0.066667
2 0.486328 0.900000 0.066406 0.066667
2 0.548828 0.900000 0.066406 0.066667
2 0.611328 0.900000 0.066406 0.066667
2 0.673828 0.900000 0.066406 0.066667
2 0.736328 0.900000 0.066406 0.066667
2 0.923828 0.900000 0.066406 0.066667
2 0.048828 0.966667 0.066406 0.066667
2 0.111328 0.966667 0.066406 0.066667
2 0.173828 0.966667 0.066406 0.066667
2 0.236328 0.966667 0.066406 0.066667
2 0.298828 0.966667 0.066406 0.066667
2 0.361328 0.966667 0.066406 0.066667
2 0.423828 0.966667 0.066406 0.066667
2 0.486328 0.966667 0.066406 0.066667
2 0.548828 0.966667 0.066406 0.066667
2 0.611328 0.966667 0.066406 0.066667
2 0.673828 0.966667 0.066406 0.066667
2 0.736328 0.966667 0.066406 0.066667
2 0.798828 0.966667 0.066406 0.066667
2 0.861328 0.966667 0.066406 0.066667
2 0.923828 0.966667 0.066406 0.066667
3 0.363281 0.841667 0.062500 0.058333
4 0.285156 0.787500 0.062500 0.066667
2 0.361328 0.900000 0.066406 0.066667
2 0.173828 0.633333 0.066406 0.066667
2 0.236328 0.633333 0.066406 0.066667
2 0.291016 0.633333 0.066406 0.066667
2 0.798828 0.900000 0.066406 0.066667
2 0.861328 0.900000 0.066406 0.066667