2 0.326172 0.564583 0.058594 0.062500
2 0.513672 0.564583 0.058594 0.062500
2 0.138672 0.631250 0.058594 0.062500
2 0.080078 0.900000 0.066406 0.066667
2 0.142578 0.900000 0.066406 0.066667
2 0.205078 0.900000 0.066406 0.066667
2 0.267578 0.900000 0.066406 0.066667
2 0.330078 0.900000 0.066406 0.066667
2 0.392578 0.900000 0.066406 0.066667
2 0.517578 0.900000 0.066406 0.066667
2 0.580078 0.900000 0.066406 0.066667
2 0.642578 0.900000 0.066406 0.066667
2 0.705078 0.900000 0.066406 0.066667
2 0.767578 0.900000 0.066406 0.066667
2 0.830078 0.900000 0.066406 0.066667
2 0.892578 0.900000 0.066406 0.066667
2 0.955078 0.900000 0.066406 0.066667
2 0.080078 0.966667 0.066406 0.066667
2 0.142578 0.966667 0.066406 0.066667
2 0.205078 0.966667 0.066406 0.066667
2 0.267578 0.966667 0.066406 0.066667
2 0.330078 0.966667 0.066406 0.066667
2 0.392578 0.966667 0.066406 0.066667
2 0.455078 0.966667 0.066406 0.066667
2 0.517578 0.966667 0.066406 0.066667
2 0.580078 0.966667 0.066406 0.066667
2 0.642578 0.966667 0.066406 0.066667
2 0.705078 0.966667 0.066406 0.066667
2 0.767578 0.966667 0.066406 0.066667
2 0.830078 0.966667 0.066406 0.066667
2 0.892578 0.966667 0.066406 0.066667
2 0.955078 0.966667 0.066406 0.066667
4 0.466797 0.837500 0.058594 0.066667
2 0.455078 0.900000 0.066406 0.066667
2 0.861328 0.633333 0.066406 0.066667