2 0.457031 0.366667 0.062500 0.066667
2 0.457031 0.633333 0.062500 0.066667
2 0.083984 0.900000 0.066406 0.066667
2 0.146484 0.900000 0.066406 0.066667
2 0.208984 0.900000 0.066406 0.066667
2 0.271484 0.900000 0.066406 0.066667
2 0.333984 0.900000 0.066406 0.066667
2 0.396484 0.900000 0.066406 0.066667
2 0.521484 0.900000 0.066406 0.066667
2 0.583984 0.900000 0.066406 0.066667
2 0.646484 0.900000 0.066406 0.066667
2 0.083984 0.966667 0.066406 0.066667
2 0.146484 0.966667 0.066406 0.066667
2 0.208984 0.966667 0.066406 0.066667
2 0.271484 0.966667 0.066406 0.066667
2 0.333984 0.966667 0.066406 0.066667
2 0.396484 0.966667 0.066406 0.066667
2 0.458984 0.966667 0.066406 0.066667
2 0.521484 0.966667 0.066406 0.066667
2 0.583984 0.966667 0.066406 0.066667
2 0.646484 0.966667 0.066406 0.066667
2 0.708984 0.966667 0.066406 0.066667
2 0.771484 0.966667 0.066406 0.066667
4 0.486328 0.837500 0.058594 0.066667
5 0.238281 0.766667 0.125000 0.200000
2 0.708984 0.900000 0.066406 0.066667
2 0.458984 0.900000 0.066406 0.066667
2 0.771484 0.900000 0.066406 0.066667
2 0.833984 0.900000 0.066406 0.066667
2 0.833984 0.966667 0.066406 0.066667