2 0.156250 0.633333 0.062500 0.066667
2 0.218750 0.633333 0.062500 0.066667
2 0.033203 0.900000 0.066406 0.066667
2 0.095703 0.900000 0.066406 0.066667
2 0.158203 0.900000 0.066406 0.066667
2 0.220703 0.900000 0.066406 0.066667
2 0.283203 0.900000 0.066406 0.066667
2 0.533203 0.900000 0.066406 0.066667
2 0.595703 0.900000 0.066406 0.066667
2 0.658203 0.900000 0.066406 0.066667
2 0.720703 0.900000 0.066406 0.066667
2 0.783203 0.900000 0.066406 0.066667
2 0.845703 0.900000 0.066406 0.066667
2 0.908203 0.900000 0.066406 0.066667
2 0.033203 0.966667 0.066406 0.066667
2 0.095703 0.966667 0.066406 0.066667
2 0.158203 0.966667 0.066406 0.066667
2 0.220703 0.966667 0.066406 0.066667
2 0.283203 0.966667 0.066406 0.066667
2 0.533203 0.966667 0.066406 0.066667
2 0.595703 0.966667 0.066406 0.066667
2 0.658203 0.966667 0.066406 0.066667
2 0.720703 0.966667 0.066406 0.066667
2 0.783203 0.966667 0.066406 0.066667
2 0.845703 0.966667 0.066406 0.066667
2 0.908203 0.966667 0.066406 0.066667
2 0.968750 0.766667 0.062500 0.066667
2 0.781250 0.833333 0.062500 0.066667
2 0.843750 0.833333 0.062500 0.066667
2 0.906250 0.833333 0.062500 0.066667
2 0.968750 0.833333 0.062500 0.066667
4 0.466797 0.887500 0.058594 0.066667