2 0.179688 0.633333 0.070312 0.066667
2 0.177734 0.364583 0.058594 0.062500
2 0.115234 0.631250 0.058594 0.062500
2 0.240234 0.631250 0.058594 0.062500
2 0.056641 0.633333 0.066406 0.066667
2 0.056641 0.900000 0.066406 0.066667
2 0.119141 0.900000 0.066406 0.066667
2 0.181641 0.900000 0.066406 0.066667
2 0.244141 0.900000 0.066406 0.066667
2 0.306641 0.900000 0.066406 0.066667
2 0.369141 0.900000 0.066406 0.066667
2 0.431641 0.900000 0.066406 0.066667
2 0.494141 0.900000 0.066406 0.066667
2 0.556641 0.900000 0.066406 0.066667
2 0.619141 0.900000 0.066406 0.066667
2 0.681641 0.900000 0.066406 0.066667
2 0.744141 0.900000 0.066406 0.066667
2 0.806641 0.900000 0.066406 0.066667
2 0.869141 0.900000 0.066406 0.066667
2 0.931641 0.900000 0.066406 0.066667
2 0.056641 0.966667 0.066406 0.066667
2 0.119141 0.966667 0.066406 0.066667
2 0.181641 0.966667 0.066406 0.066667
2 0.244141 0.966667 0.066406 0.066667
2 0.306641 0.966667 0.066406 0.066667
2 0.369141 0.966667 0.066406 0.066667
2 0.431641 0.966667 0.066406 0.066667
2 0.494141 0.966667 0.066406 0.066667
2 0.556641 0.966667 0.066406 0.066667
2 0.619141 0.966667 0.066406 0.066667
2 0.681641 0.966667 0.066406 0.066667
2 0.744141 0.966667 0.066406 0.066667
2 0.806641 0.966667 0.066406 0.066667
2 0.869141 0.966667 0.066406 0.066667
2 0.931641 0.966667 0.066406 0.066667
4 0.466797 0.683333 0.058594 0.066667
5 0.585938 0.800000 0.125000 0.133333
2 0.298828 0.633333 0.066406 0.066667