2 0.091797 0.900000 0.066406 0.066667
2 0.154297 0.900000 0.066406 0.066667
2 0.216797 0.900000 0.066406 0.066667
2 0.279297 0.900000 0.066406 0.066667
2 0.341797 0.900000 0.066406 0.066667
2 0.404297 0.900000 0.066406 0.066667
2 0.529297 0.900000 0.066406 0.066667
2 0.591797 0.900000 0.066406 0.066667
2 0.654297 0.900000 0.066406 0.066667
2 0.716797 0.900000 0.066406 0.066667
2 0.779297 0.900000 0.066406 0.066667
2 0.841797 0.900000 0.066406 0.066667
2 0.904297 0.900000 0.066406 0.066667
2 0.966797 0.900000 0.066406 0.066667
2 0.091797 0.966667 0.066406 0.066667
2 0.154297 0.966667 0.066406 0.066667
2 0.216797 0.966667 0.066406 0.066667
2 0.279297 0.966667 0.066406 0.066667
2 0.341797 0.966667 0.066406 0.066667
2 0.404297 0.966667 0.066406 0.066667
2 0.466797 0.966667 0.066406 0.066667
2 0.529297 0.966667 0.066406 0.066667
2 0.591797 0.966667 0.066406 0.066667
2 0.654297 0.966667 0.066406 0.066667
2 0.716797 0.966667 0.066406 0.066667
2 0.779297 0.966667 0.066406 0.066667
2 0.841797 0.966667 0.066406 0.066667
2 0.904297 0.966667 0.066406 0.066667
2 0.966797 0.966667 0.066406 0.066667
4 0.470703 0.839583 0.050781 0.062500
5 0.808594 0.766667 0.125000 0.200000
2 0.466797 0.900000 0.066406 0.066667