2 0.208984 0.900000 0.066406 0.066667
2 0.271484 0.900000 0.066406 0.066667
2 0.333984 0.900000 0.066406 0.066667
2 0.396484 0.900000 0.066406 0.066667
2 0.458984 0.900000 0.066406 0.066667
2 0.521484 0.900000 0.066406 0.066667
2 0.583984 0.900000 0.066406 0.066667
2 0.646484 0.900000 0.066406 0.066667
2 0.208984 0.966667 0.066406 0.066667
2 0.271484 0.966667 0.066406 0.066667
2 0.333984 0.966667 0.066406 0.066667
2 0.396484 0.966667 0.066406 0.066667
2 0.458984 0.966667 0.066406 0.066667
2 0.521484 0.966667 0.066406 0.066667
2 0.583984 0.966667 0.066406 0.066667
2 0.646484 0.966667 0.066406 0.066667
2 0.832031 0.700000 0.062500 0.066667
2 0.894531 0.700000 0.062500 0.066667
2 0.957031 0.700000 0.062500 0.066667
2 0.644531 0.766667 0.062500 0.066667
2 0.707031 0.766667 0.062500 0.066667
2 0.769531 0.766667 0.062500 0.066667
2 0.832031 0.766667 0.062500 0.066667
2 0.894531 0.766667 0.062500 0.066667
2 0.519531 0.833333 0.062500 0.066667
2 0.582031 0.833333 0.062500 0.066667
2 0.644531 0.833333 0.062500 0.066667
2 0.707031 0.833333 0.062500 0.066667
2 0.769531 0.833333 0.062500 0.066667
4 0.466797 0.770833 0.058594 0.066667
2 0.457031 0.833333 0.062500 0.066667