2 0.285156 0.566667 0.062500 0.066667
2 0.472656 0.566667 0.062500 0.066667
2 0.097656 0.633333 0.062500 0.066667
2 0.037109 0.900000 0.066406 0.066667
2 0.099609 0.900000 0.066406 0.066667
2 0.162109 0.900000 0.066406 0.066667
2 0.224609 0.900000 0.066406 0.066667
2 0.287109 0.900000 0.066406 0.066667
2 0.349609 0.900000 0.066406 0.066667
2 0.412109 0.900000 0.066406 0.066667
2 0.474609 0.900000 0.066406 0.066667
2 0.537109 0.900000 0.066406 0.066667
2 0.599609 0.900000 0.066406 0.066667
2 0.662109 0.900000 0.066406 0.066667
2 0.724609 0.900000 0.066406 0.066667
2 0.787109 0.900000 0.066406 0.066667
2 0.849609 0.900000 0.066406 0.066667
2 0.912109 0.900000 0.066406 0.066667
2 0.037109 0.966667 0.066406 0.066667
2 0.099609 0.966667 0.066406 0.066667
2 0.162109 0.966667 0.066406 0.066667
2 0.224609 0.966667 0.066406 0.066667
2 0.287109 0.966667 0.066406 0.066667
2 0.349609 0.966667 0.066406 0.066667
2 0.412109 0.966667 0.066406 0.066667
2 0.474609 0.966667 0.066406 0.066667
2 0.537109 0.966667 0.066406 0.066667
2 0.599609 0.966667 0.066406 0.066667
2 0.662109 0.966667 0.066406 0.066667
2 0.724609 0.966667 0.066406 0.066667
2 0.787109 0.966667 0.066406 0.066667
2 0.849609 0.966667 0.066406 0.066667
2 0.912109 0.966667 0.066406 0.066667
3 0.730469 0.668750 0.062500 0.095833
3 0.503906 0.777083 0.062500 0.095833
4 0.505859 0.506250 0.050781 0.062500
2 0.818359 0.633333 0.066406 0.066667