1 0.746094 0.837500 0.062500 0.066667
2 0.064453 0.900000 0.066406 0.066667
2 0.126953 0.900000 0.066406 0.066667
2 0.189453 0.900000 0.066406 0.066667
2 0.251953 0.900000 0.066406 0.066667
2 0.314453 0.900000 0.066406 0.066667
2 0.376953 0.900000 0.066406 0.066667
2 0.439453 0.900000 0.066406 0.066667
2 0.501953 0.900000 0.066406 0.066667
2 0.564453 0.900000 0.066406 0.066667
2 0.626953 0.900000 0.066406 0.066667
2 0.689453 0.900000 0.066406 0.066667
2 0.814453 0.900000 0.066406 0.066667
2 0.876953 0.900000 0.066406 0.066667
2 0.939453 0.900000 0.066406 0.066667
2 0.064453 0.966667 0.066406 0.066667
2 0.126953 0.966667 0.066406 0.066667
2 0.189453 0.966667 0.066406 0.066667
2 0.251953 0.966667 0.066406 0.066667
2 0.314453 0.966667 0.066406 0.066667
2 0.376953 0.966667 0.066406 0.066667
2 0.439453 0.966667 0.066406 0.066667
2 0.501953 0.966667 0.066406 0.066667
2 0.564453 0.966667 0.066406 0.066667
2 0.626953 0.966667 0.066406 0.066667
2 0.689453 0.966667 0.066406 0.066667
2 0.751953 0.966667 0.066406 0.066667
2 0.814453 0.966667 0.066406 0.066667
2 0.876953 0.966667 0.066406 0.066667
2 0.939453 0.966667 0.066406 0.066667
4 0.488281 0.533333 0.062500 0.066667
5 0.531250 0.766667 0.125000 0.200000
2 0.751953 0.900000 0.066406 0.066667